2017-08-14 14:43:14.825352 PDT | [point_1] Populating workers...
2017-08-14 14:43:14.825709 PDT | [point_1] Populated
2017-08-14 14:43:14.825966 PDT | [point_1] itr #0 | Obtaining samples...
2017-08-14 14:43:31.128976 PDT | [point_1] itr #0 | Processing samples...
2017-08-14 14:43:31.131827 PDT | [point_1] itr #0 | fitting baseline...
2017-08-14 14:43:31.156291 PDT | [point_1] itr #0 | fitted
2017-08-14 14:43:31.175800 PDT | [point_1] itr #0 | Logging diagnostics...
2017-08-14 14:43:31.176787 PDT | [point_1] itr #0 | Optimizing policy...
2017-08-14 14:43:31.177036 PDT | [point_1] itr #0 | optimizing policy
2017-08-14 14:43:31.233777 PDT | [point_1] itr #0 | Saving snapshot...
2017-08-14 14:43:31.240897 PDT | [point_1] itr #0 | Saved
2017-08-14 14:43:31.241050 PDT | [point_1] itr #0 | Saving visualization of paths
2017-08-14 14:43:31.457770 PDT | -----------------  -------------
2017-08-14 14:43:31.458014 PDT | AverageReturn        1
2017-08-14 14:43:31.458182 PDT | ExplainedVariance    0.070294
2017-08-14 14:43:31.458342 PDT | NumTrajs           200
2017-08-14 14:43:31.458499 PDT | Entropy              2.83788
2017-08-14 14:43:31.458656 PDT | Perplexity          17.0795
2017-08-14 14:43:31.458814 PDT | StdReturn           14.1067
2017-08-14 14:43:31.458969 PDT | MaxReturn          200
2017-08-14 14:43:31.459125 PDT | MinReturn            0
2017-08-14 14:43:31.459281 PDT | AveragePolicyStd     1
2017-08-14 14:43:31.459437 PDT | LossBefore           0.00235514
2017-08-14 14:43:31.459592 PDT | LossAfter            0.00120097
2017-08-14 14:43:31.459747 PDT | MeanKL               0.000509718
2017-08-14 14:43:31.459901 PDT | MaxKL                0.00327359
2017-08-14 14:43:31.460058 PDT | Time                16.4151
2017-08-14 14:43:31.460213 PDT | ItrTime             16.4151
2017-08-14 14:43:31.460368 PDT | -----------------  -------------
2017-08-14 14:43:31.460662 PDT | [point_1] itr #1 | Obtaining samples...
2017-08-14 14:43:47.607838 PDT | [point_1] itr #1 | Processing samples...
2017-08-14 14:43:47.610076 PDT | [point_1] itr #1 | fitting baseline...
2017-08-14 14:43:47.627178 PDT | [point_1] itr #1 | fitted
2017-08-14 14:43:47.667006 PDT | [point_1] itr #1 | Logging diagnostics...
2017-08-14 14:43:47.668290 PDT | [point_1] itr #1 | Optimizing policy...
2017-08-14 14:43:47.668586 PDT | [point_1] itr #1 | optimizing policy
2017-08-14 14:43:47.715538 PDT | [point_1] itr #1 | Saving snapshot...
2017-08-14 14:43:47.720277 PDT | [point_1] itr #1 | Saved
2017-08-14 14:43:47.720835 PDT | [point_1] itr #1 | Saving visualization of paths
2017-08-14 14:43:47.930399 PDT | -----------------  ---------
2017-08-14 14:43:47.930579 PDT | AverageReturn        0
2017-08-14 14:43:47.930684 PDT | ExplainedVariance    1
2017-08-14 14:43:47.930782 PDT | NumTrajs           200
2017-08-14 14:43:47.930878 PDT | Entropy              2.84023
2017-08-14 14:43:47.931031 PDT | Perplexity          17.1197
2017-08-14 14:43:47.931255 PDT | StdReturn            0
2017-08-14 14:43:47.931474 PDT | MaxReturn            0
2017-08-14 14:43:47.931679 PDT | MinReturn            0
2017-08-14 14:43:47.931786 PDT | AveragePolicyStd     1.0012
2017-08-14 14:43:47.931885 PDT | LossBefore          -0
2017-08-14 14:43:47.931983 PDT | LossAfter           -0
2017-08-14 14:43:47.932079 PDT | MeanKL               0
2017-08-14 14:43:47.932174 PDT | MaxKL                0
2017-08-14 14:43:47.932268 PDT | Time                32.8949
2017-08-14 14:43:47.932362 PDT | ItrTime             16.2602
2017-08-14 14:43:47.932456 PDT | -----------------  ---------
2017-08-14 14:43:47.932616 PDT | [point_1] itr #2 | Obtaining samples...
2017-08-14 14:44:04.198805 PDT | [point_1] itr #2 | Processing samples...
2017-08-14 14:44:04.201086 PDT | [point_1] itr #2 | fitting baseline...
2017-08-14 14:44:04.218229 PDT | [point_1] itr #2 | fitted
2017-08-14 14:44:04.241429 PDT | [point_1] itr #2 | Logging diagnostics...
2017-08-14 14:44:04.242513 PDT | [point_1] itr #2 | Optimizing policy...
2017-08-14 14:44:04.242709 PDT | [point_1] itr #2 | optimizing policy
2017-08-14 14:44:04.264733 PDT | [point_1] itr #2 | Saving snapshot...
2017-08-14 14:44:04.271189 PDT | [point_1] itr #2 | Saved
2017-08-14 14:44:04.271522 PDT | [point_1] itr #2 | Saving visualization of paths
2017-08-14 14:44:04.480337 PDT | -----------------  -------------
2017-08-14 14:44:04.480586 PDT | AverageReturn        4.5
2017-08-14 14:44:04.480755 PDT | ExplainedVariance    0.0974026
2017-08-14 14:44:04.480914 PDT | NumTrajs           200
2017-08-14 14:44:04.481073 PDT | Entropy              2.84023
2017-08-14 14:44:04.481250 PDT | Perplexity          17.1197
2017-08-14 14:44:04.481408 PDT | StdReturn           56.8309
2017-08-14 14:44:04.481564 PDT | MaxReturn          800
2017-08-14 14:44:04.481720 PDT | MinReturn            0
2017-08-14 14:44:04.481875 PDT | AveragePolicyStd     1.0012
2017-08-14 14:44:04.482030 PDT | LossBefore           0.014979
2017-08-14 14:44:04.482185 PDT | LossAfter            0.0146184
2017-08-14 14:44:04.482339 PDT | MeanKL               7.76085e-05
2017-08-14 14:44:04.482494 PDT | MaxKL                0.000184631
2017-08-14 14:44:04.482648 PDT | Time                49.4456
2017-08-14 14:44:04.482803 PDT | ItrTime             16.3389
2017-08-14 14:44:04.482958 PDT | -----------------  -------------
2017-08-14 14:44:04.483203 PDT | [point_1] itr #3 | Obtaining samples...
2017-08-14 14:44:20.673971 PDT | [point_1] itr #3 | Processing samples...
2017-08-14 14:44:20.676982 PDT | [point_1] itr #3 | fitting baseline...
2017-08-14 14:44:20.685761 PDT | [point_1] itr #3 | fitted
2017-08-14 14:44:20.705617 PDT | [point_1] itr #3 | Logging diagnostics...
2017-08-14 14:44:20.706908 PDT | [point_1] itr #3 | Optimizing policy...
2017-08-14 14:44:20.707194 PDT | [point_1] itr #3 | optimizing policy
2017-08-14 14:44:20.734433 PDT | [point_1] itr #3 | Saving snapshot...
2017-08-14 14:44:20.741527 PDT | [point_1] itr #3 | Saved
2017-08-14 14:44:20.741909 PDT | [point_1] itr #3 | Saving visualization of paths
2017-08-14 14:44:20.937027 PDT | -----------------  -------------
2017-08-14 14:44:20.937291 PDT | AverageReturn        4
2017-08-14 14:44:20.937488 PDT | ExplainedVariance    0.105844
2017-08-14 14:44:20.937719 PDT | NumTrajs           200
2017-08-14 14:44:20.938048 PDT | Entropy              2.84772
2017-08-14 14:44:20.938321 PDT | Perplexity          17.2484
2017-08-14 14:44:20.938512 PDT | StdReturn           56.4269
2017-08-14 14:44:20.938686 PDT | MaxReturn          800
2017-08-14 14:44:20.938861 PDT | MinReturn            0
2017-08-14 14:44:20.939083 PDT | AveragePolicyStd     1.00496
2017-08-14 14:44:20.939307 PDT | LossBefore          -0.0067148
2017-08-14 14:44:20.939524 PDT | LossAfter           -0.00745262
2017-08-14 14:44:20.939740 PDT | MeanKL               0.000169245
2017-08-14 14:44:20.939942 PDT | MaxKL                0.00102281
2017-08-14 14:44:20.940139 PDT | Time                65.916
2017-08-14 14:44:20.940356 PDT | ItrTime             16.2587
2017-08-14 14:44:20.940569 PDT | -----------------  -------------
2017-08-14 14:44:20.940855 PDT | [point_1] itr #4 | Obtaining samples...
2017-08-14 14:44:37.241990 PDT | [point_1] itr #4 | Processing samples...
2017-08-14 14:44:37.244713 PDT | [point_1] itr #4 | fitting baseline...
2017-08-14 14:44:37.262651 PDT | [point_1] itr #4 | fitted
2017-08-14 14:44:37.289882 PDT | [point_1] itr #4 | Logging diagnostics...
2017-08-14 14:44:37.290963 PDT | [point_1] itr #4 | Optimizing policy...
2017-08-14 14:44:37.291172 PDT | [point_1] itr #4 | optimizing policy
2017-08-14 14:44:37.310205 PDT | [point_1] itr #4 | Saving snapshot...
2017-08-14 14:44:37.326495 PDT | [point_1] itr #4 | Saved
2017-08-14 14:44:37.326765 PDT | [point_1] itr #4 | Saving visualization of paths
2017-08-14 14:44:37.526085 PDT | -----------------  ---------
2017-08-14 14:44:37.526334 PDT | AverageReturn        0
2017-08-14 14:44:37.526503 PDT | ExplainedVariance    1
2017-08-14 14:44:37.526664 PDT | NumTrajs           200
2017-08-14 14:44:37.526831 PDT | Entropy              2.84436
2017-08-14 14:44:37.526990 PDT | Perplexity          17.1906
2017-08-14 14:44:37.527149 PDT | StdReturn            0
2017-08-14 14:44:37.527306 PDT | MaxReturn            0
2017-08-14 14:44:37.527472 PDT | MinReturn            0
2017-08-14 14:44:37.527632 PDT | AveragePolicyStd     1.0033
2017-08-14 14:44:37.527789 PDT | LossBefore          -0
2017-08-14 14:44:37.527947 PDT | LossAfter           -0
2017-08-14 14:44:37.528103 PDT | MeanKL               0
2017-08-14 14:44:37.528260 PDT | MaxKL                0
2017-08-14 14:44:37.528416 PDT | Time                82.5008
2017-08-14 14:44:37.528573 PDT | ItrTime             16.3859
2017-08-14 14:44:37.528729 PDT | -----------------  ---------
2017-08-14 14:44:37.528974 PDT | [point_1] itr #5 | Obtaining samples...
2017-08-14 14:44:53.774858 PDT | [point_1] itr #5 | Processing samples...
2017-08-14 14:44:53.778843 PDT | [point_1] itr #5 | fitting baseline...
2017-08-14 14:44:53.792224 PDT | [point_1] itr #5 | fitted
2017-08-14 14:44:53.818739 PDT | [point_1] itr #5 | Logging diagnostics...
2017-08-14 14:44:53.819844 PDT | [point_1] itr #5 | Optimizing policy...
2017-08-14 14:44:53.820031 PDT | [point_1] itr #5 | optimizing policy
2017-08-14 14:44:53.844194 PDT | [point_1] itr #5 | Saving snapshot...
2017-08-14 14:44:53.855093 PDT | [point_1] itr #5 | Saved
2017-08-14 14:44:53.855369 PDT | [point_1] itr #5 | Saving visualization of paths
2017-08-14 14:44:54.049366 PDT | -----------------  -------------
2017-08-14 14:44:54.049552 PDT | AverageReturn        4
2017-08-14 14:44:54.049664 PDT | ExplainedVariance    0.0727822
2017-08-14 14:44:54.049774 PDT | NumTrajs           200
2017-08-14 14:44:54.049905 PDT | Entropy              2.84436
2017-08-14 14:44:54.050030 PDT | Perplexity          17.1906
2017-08-14 14:44:54.050152 PDT | StdReturn           56.4269
2017-08-14 14:44:54.050293 PDT | MaxReturn          800
2017-08-14 14:44:54.050505 PDT | MinReturn            0
2017-08-14 14:44:54.050691 PDT | AveragePolicyStd     1.0033
2017-08-14 14:44:54.050898 PDT | LossBefore           0.00516555
2017-08-14 14:44:54.051079 PDT | LossAfter            0.00468917
2017-08-14 14:44:54.051247 PDT | MeanKL               0.000145871
2017-08-14 14:44:54.051371 PDT | MaxKL                0.000766784
2017-08-14 14:44:54.051492 PDT | Time                99.0294
2017-08-14 14:44:54.051608 PDT | ItrTime             16.3264
2017-08-14 14:44:54.051710 PDT | -----------------  -------------
2017-08-14 14:44:54.051934 PDT | [point_1] itr #6 | Obtaining samples...
2017-08-14 14:45:10.490236 PDT | [point_1] itr #6 | Processing samples...
2017-08-14 14:45:10.492494 PDT | [point_1] itr #6 | fitting baseline...
2017-08-14 14:45:10.501526 PDT | [point_1] itr #6 | fitted
2017-08-14 14:45:10.521382 PDT | [point_1] itr #6 | Logging diagnostics...
2017-08-14 14:45:10.523413 PDT | [point_1] itr #6 | Optimizing policy...
2017-08-14 14:45:10.523638 PDT | [point_1] itr #6 | optimizing policy
2017-08-14 14:45:10.551807 PDT | [point_1] itr #6 | Saving snapshot...
2017-08-14 14:45:10.558097 PDT | [point_1] itr #6 | Saved
2017-08-14 14:45:10.558387 PDT | [point_1] itr #6 | Saving visualization of paths
2017-08-14 14:45:10.759645 PDT | -----------------  -------------
2017-08-14 14:45:10.759822 PDT | AverageReturn        2
2017-08-14 14:45:10.759928 PDT | ExplainedVariance    0.0861614
2017-08-14 14:45:10.760026 PDT | NumTrajs           200
2017-08-14 14:45:10.760122 PDT | Entropy              2.84695
2017-08-14 14:45:10.760217 PDT | Perplexity          17.2351
2017-08-14 14:45:10.760311 PDT | StdReturn           22.2711
2017-08-14 14:45:10.760405 PDT | MaxReturn          300
2017-08-14 14:45:10.760502 PDT | MinReturn            0
2017-08-14 14:45:10.760598 PDT | AveragePolicyStd     1.00458
2017-08-14 14:45:10.760695 PDT | LossBefore          -0.0167409
2017-08-14 14:45:10.760791 PDT | LossAfter           -0.0173356
2017-08-14 14:45:10.760887 PDT | MeanKL               0.00014007
2017-08-14 14:45:10.760983 PDT | MaxKL                0.000366238
2017-08-14 14:45:10.761079 PDT | Time               115.732
2017-08-14 14:45:10.761183 PDT | ItrTime             16.5065
2017-08-14 14:45:10.761279 PDT | -----------------  -------------
2017-08-14 14:45:10.761440 PDT | [point_1] itr #7 | Obtaining samples...
2017-08-14 14:45:27.050200 PDT | [point_1] itr #7 | Processing samples...
2017-08-14 14:45:27.053672 PDT | [point_1] itr #7 | fitting baseline...
2017-08-14 14:45:27.070163 PDT | [point_1] itr #7 | fitted
2017-08-14 14:45:27.094392 PDT | [point_1] itr #7 | Logging diagnostics...
2017-08-14 14:45:27.096123 PDT | [point_1] itr #7 | Optimizing policy...
2017-08-14 14:45:27.096473 PDT | [point_1] itr #7 | optimizing policy
2017-08-14 14:45:27.122378 PDT | [point_1] itr #7 | Saving snapshot...
2017-08-14 14:45:27.130770 PDT | [point_1] itr #7 | Saved
2017-08-14 14:45:27.132266 PDT | [point_1] itr #7 | Saving visualization of paths
2017-08-14 14:45:27.323457 PDT | -----------------  -------------
2017-08-14 14:45:27.323648 PDT | AverageReturn        8
2017-08-14 14:45:27.323751 PDT | ExplainedVariance    0.170957
2017-08-14 14:45:27.323849 PDT | NumTrajs           200
2017-08-14 14:45:27.323943 PDT | Entropy              2.83858
2017-08-14 14:45:27.324036 PDT | Perplexity          17.0914
2017-08-14 14:45:27.324129 PDT | StdReturn           66.6033
2017-08-14 14:45:27.324221 PDT | MaxReturn          700
2017-08-14 14:45:27.324314 PDT | MinReturn            0
2017-08-14 14:45:27.324463 PDT | AveragePolicyStd     1.0004
2017-08-14 14:45:27.324661 PDT | LossBefore          -0.0112815
2017-08-14 14:45:27.324845 PDT | LossAfter           -0.0122297
2017-08-14 14:45:27.325062 PDT | MeanKL               0.000245965
2017-08-14 14:45:27.325283 PDT | MaxKL                0.00102852
2017-08-14 14:45:27.325487 PDT | Time               132.306
2017-08-14 14:45:27.325673 PDT | ItrTime             16.3708
2017-08-14 14:45:27.325875 PDT | -----------------  -------------
2017-08-14 14:45:27.326188 PDT | [point_1] itr #8 | Obtaining samples...
2017-08-14 14:45:43.506768 PDT | [point_1] itr #8 | Processing samples...
2017-08-14 14:45:43.510308 PDT | [point_1] itr #8 | fitting baseline...
2017-08-14 14:45:43.538250 PDT | [point_1] itr #8 | fitted
2017-08-14 14:45:43.561959 PDT | [point_1] itr #8 | Logging diagnostics...
2017-08-14 14:45:43.563053 PDT | [point_1] itr #8 | Optimizing policy...
2017-08-14 14:45:43.563253 PDT | [point_1] itr #8 | optimizing policy
2017-08-14 14:45:43.584502 PDT | [point_1] itr #8 | Saving snapshot...
2017-08-14 14:45:43.593290 PDT | [point_1] itr #8 | Saved
2017-08-14 14:45:43.593569 PDT | [point_1] itr #8 | Saving visualization of paths
2017-08-14 14:45:43.790024 PDT | -----------------  -------------
2017-08-14 14:45:43.790278 PDT | AverageReturn        1
2017-08-14 14:45:43.790437 PDT | ExplainedVariance    0.0583694
2017-08-14 14:45:43.790541 PDT | NumTrajs           200
2017-08-14 14:45:43.790640 PDT | Entropy              2.83294
2017-08-14 14:45:43.790737 PDT | Perplexity          16.9953
2017-08-14 14:45:43.790834 PDT | StdReturn           14.1067
2017-08-14 14:45:43.790930 PDT | MaxReturn          200
2017-08-14 14:45:43.791025 PDT | MinReturn            0
2017-08-14 14:45:43.791151 PDT | AveragePolicyStd     0.997563
2017-08-14 14:45:43.791320 PDT | LossBefore          -0.0115362
2017-08-14 14:45:43.791528 PDT | LossAfter           -0.0119731
2017-08-14 14:45:43.791713 PDT | MeanKL               8.65167e-05
2017-08-14 14:45:43.791822 PDT | MaxKL                0.000347259
2017-08-14 14:45:43.791921 PDT | Time               148.768
2017-08-14 14:45:43.792042 PDT | ItrTime             16.2674
2017-08-14 14:45:43.792217 PDT | -----------------  -------------
2017-08-14 14:45:43.792439 PDT | [point_1] itr #9 | Obtaining samples...
2017-08-14 14:45:59.973448 PDT | [point_1] itr #9 | Processing samples...
2017-08-14 14:45:59.976486 PDT | [point_1] itr #9 | fitting baseline...
2017-08-14 14:45:59.993292 PDT | [point_1] itr #9 | fitted
2017-08-14 14:46:00.013805 PDT | [point_1] itr #9 | Logging diagnostics...
2017-08-14 14:46:00.014971 PDT | [point_1] itr #9 | Optimizing policy...
2017-08-14 14:46:00.015212 PDT | [point_1] itr #9 | optimizing policy
2017-08-14 14:46:00.038973 PDT | [point_1] itr #9 | Saving snapshot...
2017-08-14 14:46:00.049298 PDT | [point_1] itr #9 | Saved
2017-08-14 14:46:00.049682 PDT | [point_1] itr #9 | Saving visualization of paths
2017-08-14 14:46:00.241690 PDT | -----------------  -------------
2017-08-14 14:46:00.241990 PDT | AverageReturn        5.5
2017-08-14 14:46:00.242213 PDT | ExplainedVariance    0.126401
2017-08-14 14:46:00.242445 PDT | NumTrajs           200
2017-08-14 14:46:00.242674 PDT | Entropy              2.82717
2017-08-14 14:46:00.242904 PDT | Perplexity          16.8975
2017-08-14 14:46:00.243133 PDT | StdReturn           60.1644
2017-08-14 14:46:00.243364 PDT | MaxReturn          800
2017-08-14 14:46:00.243590 PDT | MinReturn            0
2017-08-14 14:46:00.243816 PDT | AveragePolicyStd     0.994683
2017-08-14 14:46:00.244037 PDT | LossBefore           0.013356
2017-08-14 14:46:00.244184 PDT | LossAfter            0.0123257
2017-08-14 14:46:00.244288 PDT | MeanKL               0.000285179
2017-08-14 14:46:00.244398 PDT | MaxKL                0.000794052
2017-08-14 14:46:00.244611 PDT | Time               165.224
2017-08-14 14:46:00.244829 PDT | ItrTime             16.2572
2017-08-14 14:46:00.245041 PDT | -----------------  -------------
2017-08-14 14:46:00.245357 PDT | [point_1] itr #10 | Obtaining samples...
2017-08-14 14:46:16.480940 PDT | [point_1] itr #10 | Processing samples...
2017-08-14 14:46:16.483442 PDT | [point_1] itr #10 | fitting baseline...
2017-08-14 14:46:16.500815 PDT | [point_1] itr #10 | fitted
2017-08-14 14:46:16.542516 PDT | [point_1] itr #10 | Logging diagnostics...
2017-08-14 14:46:16.543716 PDT | [point_1] itr #10 | Optimizing policy...
2017-08-14 14:46:16.543911 PDT | [point_1] itr #10 | optimizing policy
2017-08-14 14:46:16.571882 PDT | [point_1] itr #10 | Saving snapshot...
2017-08-14 14:46:16.577483 PDT | [point_1] itr #10 | Saved
2017-08-14 14:46:16.577802 PDT | [point_1] itr #10 | Saving visualization of paths
2017-08-14 14:46:16.864988 PDT | -----------------  --------------
2017-08-14 14:46:16.865202 PDT | AverageReturn        10.5
2017-08-14 14:46:16.865351 PDT | ExplainedVariance     0.102768
2017-08-14 14:46:16.865477 PDT | NumTrajs            200
2017-08-14 14:46:16.865601 PDT | Entropy               2.83385
2017-08-14 14:46:16.865764 PDT | Perplexity           17.0108
2017-08-14 14:46:16.865981 PDT | StdReturn            95.602
2017-08-14 14:46:16.866187 PDT | MaxReturn          1200
2017-08-14 14:46:16.866370 PDT | MinReturn             0
2017-08-14 14:46:16.866531 PDT | AveragePolicyStd      0.998028
2017-08-14 14:46:16.866744 PDT | LossBefore            0.00333371
2017-08-14 14:46:16.866922 PDT | LossAfter             0.00259825
2017-08-14 14:46:16.867029 PDT | MeanKL                0.000162931
2017-08-14 14:46:16.867132 PDT | MaxKL                 0.000790508
2017-08-14 14:46:16.867235 PDT | Time                181.752
2017-08-14 14:46:16.867337 PDT | ItrTime              16.3325
2017-08-14 14:46:16.867487 PDT | -----------------  --------------
2017-08-14 14:46:16.867715 PDT | [point_1] itr #11 | Obtaining samples...
2017-08-14 14:46:33.210638 PDT | [point_1] itr #11 | Processing samples...
2017-08-14 14:46:33.213066 PDT | [point_1] itr #11 | fitting baseline...
2017-08-14 14:46:33.245954 PDT | [point_1] itr #11 | fitted
2017-08-14 14:46:33.309145 PDT | [point_1] itr #11 | Logging diagnostics...
2017-08-14 14:46:33.310076 PDT | [point_1] itr #11 | Optimizing policy...
2017-08-14 14:46:33.310207 PDT | [point_1] itr #11 | optimizing policy
2017-08-14 14:46:33.325487 PDT | [point_1] itr #11 | Saving snapshot...
2017-08-14 14:46:33.329854 PDT | [point_1] itr #11 | Saved
2017-08-14 14:46:33.330111 PDT | [point_1] itr #11 | Saving visualization of paths
2017-08-14 14:46:33.510476 PDT | -----------------  --------------
2017-08-14 14:46:33.510650 PDT | AverageReturn        12
2017-08-14 14:46:33.510754 PDT | ExplainedVariance     0.118658
2017-08-14 14:46:33.510850 PDT | NumTrajs            200
2017-08-14 14:46:33.510944 PDT | Entropy               2.83551
2017-08-14 14:46:33.511039 PDT | Perplexity           17.0391
2017-08-14 14:46:33.511132 PDT | StdReturn           106.565
2017-08-14 14:46:33.511225 PDT | MaxReturn          1100
2017-08-14 14:46:33.511325 PDT | MinReturn             0
2017-08-14 14:46:33.511420 PDT | AveragePolicyStd      0.998852
2017-08-14 14:46:33.511512 PDT | LossBefore            0.0248936
2017-08-14 14:46:33.511604 PDT | LossAfter             0.0225723
2017-08-14 14:46:33.511695 PDT | MeanKL                0.000646069
2017-08-14 14:46:33.511787 PDT | MaxKL                 0.00257077
2017-08-14 14:46:33.511879 PDT | Time                198.504
2017-08-14 14:46:33.511970 PDT | ItrTime              16.4624
2017-08-14 14:46:33.512062 PDT | -----------------  --------------
2017-08-14 14:46:33.512216 PDT | [point_1] itr #12 | Obtaining samples...
2017-08-14 14:46:50.120461 PDT | [point_1] itr #12 | Processing samples...
2017-08-14 14:46:50.123374 PDT | [point_1] itr #12 | fitting baseline...
2017-08-14 14:46:50.131738 PDT | [point_1] itr #12 | fitted
2017-08-14 14:46:50.150327 PDT | [point_1] itr #12 | Logging diagnostics...
2017-08-14 14:46:50.151581 PDT | [point_1] itr #12 | Optimizing policy...
2017-08-14 14:46:50.151923 PDT | [point_1] itr #12 | optimizing policy
2017-08-14 14:46:50.187035 PDT | [point_1] itr #12 | Saving snapshot...
2017-08-14 14:46:50.194761 PDT | [point_1] itr #12 | Saved
2017-08-14 14:46:50.195094 PDT | [point_1] itr #12 | Saving visualization of paths
2017-08-14 14:46:50.381995 PDT | -----------------  --------------
2017-08-14 14:46:50.382210 PDT | AverageReturn        39
2017-08-14 14:46:50.382420 PDT | ExplainedVariance     0.269984
2017-08-14 14:46:50.382584 PDT | NumTrajs            200
2017-08-14 14:46:50.382687 PDT | Entropy               2.84796
2017-08-14 14:46:50.382785 PDT | Perplexity           17.2526
2017-08-14 14:46:50.382954 PDT | StdReturn           194.368
2017-08-14 14:46:50.383180 PDT | MaxReturn          2000
2017-08-14 14:46:50.383397 PDT | MinReturn             0
2017-08-14 14:46:50.383612 PDT | AveragePolicyStd      1.00506
2017-08-14 14:46:50.383776 PDT | LossBefore           -0.00539149
2017-08-14 14:46:50.383954 PDT | LossAfter            -0.00685766
2017-08-14 14:46:50.384150 PDT | MeanKL                0.000375468
2017-08-14 14:46:50.384304 PDT | MaxKL                 0.00150663
2017-08-14 14:46:50.384523 PDT | Time                215.369
2017-08-14 14:46:50.384743 PDT | ItrTime              16.6829
2017-08-14 14:46:50.384960 PDT | -----------------  --------------
2017-08-14 14:46:50.385272 PDT | [point_1] itr #13 | Obtaining samples...
2017-08-14 14:47:07.739071 PDT | [point_1] itr #13 | Processing samples...
2017-08-14 14:47:07.743113 PDT | [point_1] itr #13 | fitting baseline...
2017-08-14 14:47:07.771535 PDT | [point_1] itr #13 | fitted
2017-08-14 14:47:07.789963 PDT | [point_1] itr #13 | Logging diagnostics...
2017-08-14 14:47:07.791061 PDT | [point_1] itr #13 | Optimizing policy...
2017-08-14 14:47:07.791248 PDT | [point_1] itr #13 | optimizing policy
2017-08-14 14:47:07.808531 PDT | [point_1] itr #13 | Saving snapshot...
2017-08-14 14:47:07.813730 PDT | [point_1] itr #13 | Saved
2017-08-14 14:47:07.813960 PDT | [point_1] itr #13 | Saving visualization of paths
2017-08-14 14:47:08.001921 PDT | -----------------  -------------
2017-08-14 14:47:08.002170 PDT | AverageReturn       14
2017-08-14 14:47:08.002338 PDT | ExplainedVariance    0.17216
2017-08-14 14:47:08.002596 PDT | NumTrajs           200
2017-08-14 14:47:08.002816 PDT | Entropy              2.84526
2017-08-14 14:47:08.002982 PDT | Perplexity          17.2061
2017-08-14 14:47:08.003142 PDT | StdReturn           80.6474
2017-08-14 14:47:08.003299 PDT | MaxReturn          700
2017-08-14 14:47:08.003465 PDT | MinReturn            0
2017-08-14 14:47:08.003625 PDT | AveragePolicyStd     1.0037
2017-08-14 14:47:08.003782 PDT | LossBefore          -0.0134224
2017-08-14 14:47:08.003938 PDT | LossAfter           -0.0140397
2017-08-14 14:47:08.004095 PDT | MeanKL               0.000163129
2017-08-14 14:47:08.004251 PDT | MaxKL                0.000411555
2017-08-14 14:47:08.004407 PDT | Time               232.988
2017-08-14 14:47:08.004562 PDT | ItrTime             17.4287
2017-08-14 14:47:08.004729 PDT | -----------------  -------------
2017-08-14 14:47:08.004992 PDT | [point_1] itr #14 | Obtaining samples...
2017-08-14 14:47:25.307917 PDT | [point_1] itr #14 | Processing samples...
2017-08-14 14:47:25.310340 PDT | [point_1] itr #14 | fitting baseline...
2017-08-14 14:47:25.318469 PDT | [point_1] itr #14 | fitted
2017-08-14 14:47:25.337017 PDT | [point_1] itr #14 | Logging diagnostics...
2017-08-14 14:47:25.338340 PDT | [point_1] itr #14 | Optimizing policy...
2017-08-14 14:47:25.338919 PDT | [point_1] itr #14 | optimizing policy
2017-08-14 14:47:25.367226 PDT | [point_1] itr #14 | Saving snapshot...
2017-08-14 14:47:25.372352 PDT | [point_1] itr #14 | Saved
2017-08-14 14:47:25.373006 PDT | [point_1] itr #14 | Saving visualization of paths
2017-08-14 14:47:25.568370 PDT | -----------------  --------------
2017-08-14 14:47:25.568651 PDT | AverageReturn        34
2017-08-14 14:47:25.568794 PDT | ExplainedVariance     0.255905
2017-08-14 14:47:25.568921 PDT | NumTrajs            200
2017-08-14 14:47:25.569044 PDT | Entropy               2.83855
2017-08-14 14:47:25.569182 PDT | Perplexity           17.091
2017-08-14 14:47:25.569303 PDT | StdReturn           170.423
2017-08-14 14:47:25.569425 PDT | MaxReturn          1300
2017-08-14 14:47:25.569624 PDT | MinReturn             0
2017-08-14 14:47:25.569756 PDT | AveragePolicyStd      1.00034
2017-08-14 14:47:25.569963 PDT | LossBefore           -0.0099701
2017-08-14 14:47:25.570184 PDT | LossAfter            -0.0115732
2017-08-14 14:47:25.570396 PDT | MeanKL                0.000486831
2017-08-14 14:47:25.570611 PDT | MaxKL                 0.00169366
2017-08-14 14:47:25.570824 PDT | Time                250.547
2017-08-14 14:47:25.571023 PDT | ItrTime              17.368
2017-08-14 14:47:25.571150 PDT | -----------------  --------------
2017-08-14 14:47:25.571378 PDT | [point_1] itr #15 | Obtaining samples...
2017-08-14 14:47:41.534348 PDT | [point_1] itr #15 | Processing samples...
2017-08-14 14:47:41.536619 PDT | [point_1] itr #15 | fitting baseline...
2017-08-14 14:47:41.544189 PDT | [point_1] itr #15 | fitted
2017-08-14 14:47:41.565826 PDT | [point_1] itr #15 | Logging diagnostics...
2017-08-14 14:47:41.566933 PDT | [point_1] itr #15 | Optimizing policy...
2017-08-14 14:47:41.567120 PDT | [point_1] itr #15 | optimizing policy
2017-08-14 14:47:41.581523 PDT | [point_1] itr #15 | Saving snapshot...
2017-08-14 14:47:41.590094 PDT | [point_1] itr #15 | Saved
2017-08-14 14:47:41.590463 PDT | [point_1] itr #15 | Saving visualization of paths
2017-08-14 14:47:41.818428 PDT | -----------------  --------------
2017-08-14 14:47:41.818734 PDT | AverageReturn        47
2017-08-14 14:47:41.818957 PDT | ExplainedVariance     0.253191
2017-08-14 14:47:41.819145 PDT | NumTrajs            200
2017-08-14 14:47:41.819302 PDT | Entropy               2.83357
2017-08-14 14:47:41.819440 PDT | Perplexity           17.006
2017-08-14 14:47:41.819654 PDT | StdReturn           199.727
2017-08-14 14:47:41.819870 PDT | MaxReturn          1600
2017-08-14 14:47:41.820085 PDT | MinReturn             0
2017-08-14 14:47:41.820269 PDT | AveragePolicyStd      0.99785
2017-08-14 14:47:41.820373 PDT | LossBefore           -0.00164401
2017-08-14 14:47:41.820473 PDT | LossAfter            -0.00264148
2017-08-14 14:47:41.820571 PDT | MeanKL                0.000293065
2017-08-14 14:47:41.820666 PDT | MaxKL                 0.000920302
2017-08-14 14:47:41.820815 PDT | Time                266.765
2017-08-14 14:47:41.820976 PDT | ItrTime              16.0191
2017-08-14 14:47:41.821121 PDT | -----------------  --------------
2017-08-14 14:47:41.821451 PDT | [point_1] itr #16 | Obtaining samples...
2017-08-14 14:47:58.482303 PDT | [point_1] itr #16 | Processing samples...
2017-08-14 14:47:58.484444 PDT | [point_1] itr #16 | fitting baseline...
2017-08-14 14:47:58.491727 PDT | [point_1] itr #16 | fitted
2017-08-14 14:47:58.508905 PDT | [point_1] itr #16 | Logging diagnostics...
2017-08-14 14:47:58.509967 PDT | [point_1] itr #16 | Optimizing policy...
2017-08-14 14:47:58.510154 PDT | [point_1] itr #16 | optimizing policy
2017-08-14 14:47:58.524860 PDT | [point_1] itr #16 | Saving snapshot...
2017-08-14 14:47:58.534391 PDT | [point_1] itr #16 | Saved
2017-08-14 14:47:58.534673 PDT | [point_1] itr #16 | Saving visualization of paths
2017-08-14 14:47:58.730461 PDT | -----------------  --------------
2017-08-14 14:47:58.730689 PDT | AverageReturn        70.5
2017-08-14 14:47:58.730873 PDT | ExplainedVariance     0.30936
2017-08-14 14:47:58.731063 PDT | NumTrajs            200
2017-08-14 14:47:58.731170 PDT | Entropy               2.83275
2017-08-14 14:47:58.731269 PDT | Perplexity           16.992
2017-08-14 14:47:58.731442 PDT | StdReturn           246.13
2017-08-14 14:47:58.731546 PDT | MaxReturn          1600
2017-08-14 14:47:58.731644 PDT | MinReturn             0
2017-08-14 14:47:58.731811 PDT | AveragePolicyStd      0.997445
2017-08-14 14:47:58.731969 PDT | LossBefore           -0.00571635
2017-08-14 14:47:58.732071 PDT | LossAfter            -0.00807378
2017-08-14 14:47:58.732237 PDT | MeanKL                0.000700751
2017-08-14 14:47:58.732422 PDT | MaxKL                 0.00281755
2017-08-14 14:47:58.732642 PDT | Time                283.709
2017-08-14 14:47:58.732830 PDT | ItrTime              16.7132
2017-08-14 14:47:58.733003 PDT | -----------------  --------------
2017-08-14 14:47:58.733254 PDT | [point_1] itr #17 | Obtaining samples...
2017-08-14 14:48:14.982289 PDT | [point_1] itr #17 | Processing samples...
2017-08-14 14:48:14.984299 PDT | [point_1] itr #17 | fitting baseline...
2017-08-14 14:48:15.011290 PDT | [point_1] itr #17 | fitted
2017-08-14 14:48:15.053884 PDT | [point_1] itr #17 | Logging diagnostics...
2017-08-14 14:48:15.056353 PDT | [point_1] itr #17 | Optimizing policy...
2017-08-14 14:48:15.057656 PDT | [point_1] itr #17 | optimizing policy
2017-08-14 14:48:15.076642 PDT | [point_1] itr #17 | Saving snapshot...
2017-08-14 14:48:15.080385 PDT | [point_1] itr #17 | Saved
2017-08-14 14:48:15.080544 PDT | [point_1] itr #17 | Saving visualization of paths
2017-08-14 14:48:15.249303 PDT | -----------------  -------------
2017-08-14 14:48:15.249561 PDT | AverageReturn       123.5
2017-08-14 14:48:15.249671 PDT | ExplainedVariance     0.352941
2017-08-14 14:48:15.249790 PDT | NumTrajs            200
2017-08-14 14:48:15.249934 PDT | Entropy               2.82989
2017-08-14 14:48:15.250152 PDT | Perplexity           16.9436
2017-08-14 14:48:15.250360 PDT | StdReturn           356.227
2017-08-14 14:48:15.250566 PDT | MaxReturn          2000
2017-08-14 14:48:15.250733 PDT | MinReturn             0
2017-08-14 14:48:15.250897 PDT | AveragePolicyStd      0.996032
2017-08-14 14:48:15.251028 PDT | LossBefore           -0.0118021
2017-08-14 14:48:15.251127 PDT | LossAfter            -0.01581
2017-08-14 14:48:15.251234 PDT | MeanKL                0.00150687
2017-08-14 14:48:15.251343 PDT | MaxKL                 0.00573137
2017-08-14 14:48:15.251495 PDT | Time                300.255
2017-08-14 14:48:15.251707 PDT | ItrTime              16.3473
2017-08-14 14:48:15.251915 PDT | -----------------  -------------
2017-08-14 14:48:15.252170 PDT | [point_1] itr #18 | Obtaining samples...
2017-08-14 14:48:31.698383 PDT | [point_1] itr #18 | Processing samples...
2017-08-14 14:48:31.700752 PDT | [point_1] itr #18 | fitting baseline...
2017-08-14 14:48:31.709384 PDT | [point_1] itr #18 | fitted
2017-08-14 14:48:31.729773 PDT | [point_1] itr #18 | Logging diagnostics...
2017-08-14 14:48:31.730908 PDT | [point_1] itr #18 | Optimizing policy...
2017-08-14 14:48:31.731151 PDT | [point_1] itr #18 | optimizing policy
2017-08-14 14:48:31.749834 PDT | [point_1] itr #18 | Saving snapshot...
2017-08-14 14:48:31.758869 PDT | [point_1] itr #18 | Saved
2017-08-14 14:48:31.759152 PDT | [point_1] itr #18 | Saving visualization of paths
2017-08-14 14:48:31.975993 PDT | -----------------  -------------
2017-08-14 14:48:31.976179 PDT | AverageReturn       116.5
2017-08-14 14:48:31.976316 PDT | ExplainedVariance     0.322799
2017-08-14 14:48:31.976457 PDT | NumTrajs            200
2017-08-14 14:48:31.976609 PDT | Entropy               2.82399
2017-08-14 14:48:31.976747 PDT | Perplexity           16.8439
2017-08-14 14:48:31.976902 PDT | StdReturn           328.143
2017-08-14 14:48:31.977120 PDT | MaxReturn          1800
2017-08-14 14:48:31.977343 PDT | MinReturn             0
2017-08-14 14:48:31.977555 PDT | AveragePolicyStd      0.993082
2017-08-14 14:48:31.977731 PDT | LossBefore            0.01421
2017-08-14 14:48:31.977837 PDT | LossAfter             0.00964848
2017-08-14 14:48:31.977938 PDT | MeanKL                0.00172513
2017-08-14 14:48:31.978036 PDT | MaxKL                 0.00647378
2017-08-14 14:48:31.978132 PDT | Time                316.933
2017-08-14 14:48:31.978227 PDT | ItrTime              16.507
2017-08-14 14:48:31.978321 PDT | -----------------  -------------
2017-08-14 14:48:31.978551 PDT | [point_1] itr #19 | Obtaining samples...
2017-08-14 14:48:48.869863 PDT | [point_1] itr #19 | Processing samples...
2017-08-14 14:48:48.872376 PDT | [point_1] itr #19 | fitting baseline...
2017-08-14 14:48:48.887200 PDT | [point_1] itr #19 | fitted
2017-08-14 14:48:48.905428 PDT | [point_1] itr #19 | Logging diagnostics...
2017-08-14 14:48:48.906504 PDT | [point_1] itr #19 | Optimizing policy...
2017-08-14 14:48:48.906692 PDT | [point_1] itr #19 | optimizing policy
2017-08-14 14:48:48.926544 PDT | [point_1] itr #19 | Saving snapshot...
2017-08-14 14:48:48.931563 PDT | [point_1] itr #19 | Saved
2017-08-14 14:48:48.931932 PDT | [point_1] itr #19 | Saving visualization of paths
2017-08-14 14:48:49.136626 PDT | -----------------  -------------
2017-08-14 14:48:49.136898 PDT | AverageReturn       162.5
2017-08-14 14:48:49.137080 PDT | ExplainedVariance     0.375953
2017-08-14 14:48:49.137275 PDT | NumTrajs            200
2017-08-14 14:48:49.137452 PDT | Entropy               2.83109
2017-08-14 14:48:49.137664 PDT | Perplexity           16.964
2017-08-14 14:48:49.137885 PDT | StdReturn           378.74
2017-08-14 14:48:49.138088 PDT | MaxReturn          2200
2017-08-14 14:48:49.138295 PDT | MinReturn             0
2017-08-14 14:48:49.138494 PDT | AveragePolicyStd      0.996623
2017-08-14 14:48:49.138672 PDT | LossBefore           -0.00422247
2017-08-14 14:48:49.138860 PDT | LossAfter            -0.00733021
2017-08-14 14:48:49.139072 PDT | MeanKL                0.00121638
2017-08-14 14:48:49.139278 PDT | MaxKL                 0.00472667
2017-08-14 14:48:49.139493 PDT | Time                334.106
2017-08-14 14:48:49.139715 PDT | ItrTime              16.9534
2017-08-14 14:48:49.139935 PDT | -----------------  -------------
2017-08-14 14:48:49.140254 PDT | [point_1] itr #20 | Obtaining samples...
2017-08-14 14:49:05.489331 PDT | [point_1] itr #20 | Processing samples...
2017-08-14 14:49:05.491006 PDT | [point_1] itr #20 | fitting baseline...
2017-08-14 14:49:05.496588 PDT | [point_1] itr #20 | fitted
2017-08-14 14:49:05.516678 PDT | [point_1] itr #20 | Logging diagnostics...
2017-08-14 14:49:05.518856 PDT | [point_1] itr #20 | Optimizing policy...
2017-08-14 14:49:05.519149 PDT | [point_1] itr #20 | optimizing policy
2017-08-14 14:49:05.540243 PDT | [point_1] itr #20 | Saving snapshot...
2017-08-14 14:49:05.544964 PDT | [point_1] itr #20 | Saved
2017-08-14 14:49:05.545728 PDT | [point_1] itr #20 | Saving visualization of paths
2017-08-14 14:49:05.744842 PDT | -----------------  -------------
2017-08-14 14:49:05.745082 PDT | AverageReturn       297
2017-08-14 14:49:05.745253 PDT | ExplainedVariance     0.474826
2017-08-14 14:49:05.745409 PDT | NumTrajs            200
2017-08-14 14:49:05.745564 PDT | Entropy               2.82898
2017-08-14 14:49:05.745717 PDT | Perplexity           16.9282
2017-08-14 14:49:05.745869 PDT | StdReturn           468.605
2017-08-14 14:49:05.746022 PDT | MaxReturn          1900
2017-08-14 14:49:05.746172 PDT | MinReturn             0
2017-08-14 14:49:05.746324 PDT | AveragePolicyStd      0.99557
2017-08-14 14:49:05.746486 PDT | LossBefore           -0.00978673
2017-08-14 14:49:05.746637 PDT | LossAfter            -0.0218536
2017-08-14 14:49:05.746785 PDT | MeanKL                0.00535428
2017-08-14 14:49:05.746932 PDT | MaxKL                 0.0188352
2017-08-14 14:49:05.747091 PDT | Time                350.72
2017-08-14 14:49:05.747241 PDT | ItrTime              16.4055
2017-08-14 14:49:05.747389 PDT | -----------------  -------------
2017-08-14 14:49:05.747622 PDT | [point_1] itr #21 | Obtaining samples...
2017-08-14 14:49:22.018779 PDT | [point_1] itr #21 | Processing samples...
2017-08-14 14:49:22.022165 PDT | [point_1] itr #21 | fitting baseline...
2017-08-14 14:49:22.031722 PDT | [point_1] itr #21 | fitted
2017-08-14 14:49:22.051580 PDT | [point_1] itr #21 | Logging diagnostics...
2017-08-14 14:49:22.052817 PDT | [point_1] itr #21 | Optimizing policy...
2017-08-14 14:49:22.053115 PDT | [point_1] itr #21 | optimizing policy
2017-08-14 14:49:22.088589 PDT | [point_1] itr #21 | Saving snapshot...
2017-08-14 14:49:22.095215 PDT | [point_1] itr #21 | Saved
2017-08-14 14:49:22.095608 PDT | [point_1] itr #21 | Saving visualization of paths
2017-08-14 14:49:22.284190 PDT | -----------------  -------------
2017-08-14 14:49:22.284372 PDT | AverageReturn       421.5
2017-08-14 14:49:22.284490 PDT | ExplainedVariance     0.506794
2017-08-14 14:49:22.284634 PDT | NumTrajs            200
2017-08-14 14:49:22.284739 PDT | Entropy               2.82409
2017-08-14 14:49:22.284842 PDT | Perplexity           16.8455
2017-08-14 14:49:22.284948 PDT | StdReturn           566.734
2017-08-14 14:49:22.285166 PDT | MaxReturn          2000
2017-08-14 14:49:22.285388 PDT | MinReturn             0
2017-08-14 14:49:22.285606 PDT | AveragePolicyStd      0.993132
2017-08-14 14:49:22.285820 PDT | LossBefore           -0.024738
2017-08-14 14:49:22.286032 PDT | LossAfter            -0.0312439
2017-08-14 14:49:22.286152 PDT | MeanKL                0.00343145
2017-08-14 14:49:22.286363 PDT | MaxKL                 0.0133539
2017-08-14 14:49:22.286498 PDT | Time                367.27
2017-08-14 14:49:22.286635 PDT | ItrTime              16.348
2017-08-14 14:49:22.286783 PDT | -----------------  -------------
2017-08-14 14:49:22.286969 PDT | [point_1] itr #22 | Obtaining samples...
2017-08-14 14:49:38.916163 PDT | [point_1] itr #22 | Processing samples...
2017-08-14 14:49:38.919143 PDT | [point_1] itr #22 | fitting baseline...
2017-08-14 14:49:38.929711 PDT | [point_1] itr #22 | fitted
2017-08-14 14:49:38.949115 PDT | [point_1] itr #22 | Logging diagnostics...
2017-08-14 14:49:38.950257 PDT | [point_1] itr #22 | Optimizing policy...
2017-08-14 14:49:38.950459 PDT | [point_1] itr #22 | optimizing policy
2017-08-14 14:49:38.972630 PDT | [point_1] itr #22 | Saving snapshot...
2017-08-14 14:49:38.980201 PDT | [point_1] itr #22 | Saved
2017-08-14 14:49:38.980756 PDT | [point_1] itr #22 | Saving visualization of paths
2017-08-14 14:49:39.303409 PDT | -----------------  -------------
2017-08-14 14:49:39.303585 PDT | AverageReturn       618.5
2017-08-14 14:49:39.303746 PDT | ExplainedVariance     0.600545
2017-08-14 14:49:39.303893 PDT | NumTrajs            200
2017-08-14 14:49:39.303996 PDT | Entropy               2.81172
2017-08-14 14:49:39.304095 PDT | Perplexity           16.6385
