2017-08-14 14:36:20.187000 PDT | [point_1] Populating workers...
2017-08-14 14:36:20.187327 PDT | [point_1] Populated
2017-08-14 14:36:20.187534 PDT | [point_1] itr #0 | Obtaining samples...
2017-08-14 14:36:36.803023 PDT | [point_1] itr #0 | Processing samples...
2017-08-14 14:36:36.806231 PDT | [point_1] itr #0 | fitting baseline...
2017-08-14 14:36:36.821966 PDT | [point_1] itr #0 | fitted
2017-08-14 14:36:36.837036 PDT | [point_1] itr #0 | Logging diagnostics...
2017-08-14 14:36:36.837726 PDT | [point_1] itr #0 | Optimizing policy...
2017-08-14 14:36:36.837855 PDT | [point_1] itr #0 | optimizing policy
2017-08-14 14:36:36.880951 PDT | [point_1] itr #0 | Saving snapshot...
2017-08-14 14:36:36.886923 PDT | [point_1] itr #0 | Saved
2017-08-14 14:36:36.887368 PDT | [point_1] itr #0 | Saving visualization of paths
2017-08-14 14:36:37.118639 PDT | -----------------  ------------
2017-08-14 14:36:37.118946 PDT | AverageReturn       16
2017-08-14 14:36:37.119171 PDT | ExplainedVariance    0.302984
2017-08-14 14:36:37.119325 PDT | NumTrajs           200
2017-08-14 14:36:37.119429 PDT | Entropy              2.83804
2017-08-14 14:36:37.119526 PDT | Perplexity          17.0823
2017-08-14 14:36:37.119620 PDT | StdReturn           98.7117
2017-08-14 14:36:37.119714 PDT | MaxReturn          900
2017-08-14 14:36:37.119811 PDT | MinReturn            0
2017-08-14 14:36:37.119923 PDT | AveragePolicyStd     1.00032
2017-08-14 14:36:37.120019 PDT | LossBefore          -0.00741169
2017-08-14 14:36:37.120113 PDT | LossAfter           -0.0108884
2017-08-14 14:36:37.120206 PDT | MeanKL               0.00365401
2017-08-14 14:36:37.120301 PDT | MaxKL                0.0129461
2017-08-14 14:36:37.120397 PDT | Time                16.6998
2017-08-14 14:36:37.120491 PDT | ItrTime             16.6998
2017-08-14 14:36:37.120586 PDT | -----------------  ------------
2017-08-14 14:36:37.120798 PDT | [point_1] itr #1 | Obtaining samples...
2017-08-14 14:36:53.638185 PDT | [point_1] itr #1 | Processing samples...
2017-08-14 14:36:53.640739 PDT | [point_1] itr #1 | fitting baseline...
2017-08-14 14:36:53.649458 PDT | [point_1] itr #1 | fitted
2017-08-14 14:36:53.663808 PDT | [point_1] itr #1 | Logging diagnostics...
2017-08-14 14:36:53.664652 PDT | [point_1] itr #1 | Optimizing policy...
2017-08-14 14:36:53.664779 PDT | [point_1] itr #1 | optimizing policy
2017-08-14 14:36:53.703207 PDT | [point_1] itr #1 | Saving snapshot...
2017-08-14 14:36:53.709287 PDT | [point_1] itr #1 | Saved
2017-08-14 14:36:53.710374 PDT | [point_1] itr #1 | Saving visualization of paths
2017-08-14 14:36:53.907134 PDT | -----------------  -------------
2017-08-14 14:36:53.907395 PDT | AverageReturn        58.5
2017-08-14 14:36:53.907522 PDT | ExplainedVariance     0.347715
2017-08-14 14:36:53.907627 PDT | NumTrajs            200
2017-08-14 14:36:53.907728 PDT | Entropy               2.83063
2017-08-14 14:36:53.907834 PDT | Perplexity           16.9562
2017-08-14 14:36:53.908021 PDT | StdReturn           256.179
2017-08-14 14:36:53.908225 PDT | MaxReturn          1500
2017-08-14 14:36:53.908434 PDT | MinReturn             0
2017-08-14 14:36:53.908652 PDT | AveragePolicyStd      0.996817
2017-08-14 14:36:53.908874 PDT | LossBefore            0.0152381
2017-08-14 14:36:53.909079 PDT | LossAfter             0.0126459
2017-08-14 14:36:53.909291 PDT | MeanKL                0.00123222
2017-08-14 14:36:53.909425 PDT | MaxKL                 0.00388382
2017-08-14 14:36:53.909595 PDT | Time                 33.5228
2017-08-14 14:36:53.909698 PDT | ItrTime              16.5896
2017-08-14 14:36:53.909796 PDT | -----------------  -------------
2017-08-14 14:36:53.909981 PDT | [point_1] itr #2 | Obtaining samples...
2017-08-14 14:37:10.445401 PDT | [point_1] itr #2 | Processing samples...
2017-08-14 14:37:10.448183 PDT | [point_1] itr #2 | fitting baseline...
2017-08-14 14:37:10.501963 PDT | [point_1] itr #2 | fitted
2017-08-14 14:37:10.544847 PDT | [point_1] itr #2 | Logging diagnostics...
2017-08-14 14:37:10.552967 PDT | [point_1] itr #2 | Optimizing policy...
2017-08-14 14:37:10.553224 PDT | [point_1] itr #2 | optimizing policy
2017-08-14 14:37:10.570302 PDT | [point_1] itr #2 | Saving snapshot...
2017-08-14 14:37:10.573910 PDT | [point_1] itr #2 | Saved
2017-08-14 14:37:10.574977 PDT | [point_1] itr #2 | Saving visualization of paths
2017-08-14 14:37:10.764217 PDT | -----------------  -------------
2017-08-14 14:37:10.764404 PDT | AverageReturn        53.5
2017-08-14 14:37:10.764527 PDT | ExplainedVariance     0.278921
2017-08-14 14:37:10.764640 PDT | NumTrajs            200
2017-08-14 14:37:10.764773 PDT | Entropy               2.83825
2017-08-14 14:37:10.764879 PDT | Perplexity           17.0859
2017-08-14 14:37:10.765084 PDT | StdReturn           221.332
2017-08-14 14:37:10.765201 PDT | MaxReturn          1600
2017-08-14 14:37:10.765300 PDT | MinReturn             0
2017-08-14 14:37:10.765412 PDT | AveragePolicyStd      1.00075
2017-08-14 14:37:10.765624 PDT | LossBefore            0.00103971
2017-08-14 14:37:10.765835 PDT | LossAfter            -0.001436
2017-08-14 14:37:10.766046 PDT | MeanKL                0.00118773
2017-08-14 14:37:10.766252 PDT | MaxKL                 0.0055376
2017-08-14 14:37:10.766428 PDT | Time                 50.3874
2017-08-14 14:37:10.766593 PDT | ItrTime              16.665
2017-08-14 14:37:10.766781 PDT | -----------------  -------------
2017-08-14 14:37:10.767092 PDT | [point_1] itr #3 | Obtaining samples...
2017-08-14 14:37:27.087559 PDT | [point_1] itr #3 | Processing samples...
2017-08-14 14:37:27.090421 PDT | [point_1] itr #3 | fitting baseline...
2017-08-14 14:37:27.108498 PDT | [point_1] itr #3 | fitted
2017-08-14 14:37:27.143939 PDT | [point_1] itr #3 | Logging diagnostics...
2017-08-14 14:37:27.145031 PDT | [point_1] itr #3 | Optimizing policy...
2017-08-14 14:37:27.145232 PDT | [point_1] itr #3 | optimizing policy
2017-08-14 14:37:27.165540 PDT | [point_1] itr #3 | Saving snapshot...
2017-08-14 14:37:27.169947 PDT | [point_1] itr #3 | Saved
2017-08-14 14:37:27.170283 PDT | [point_1] itr #3 | Saving visualization of paths
2017-08-14 14:37:27.358878 PDT | -----------------  -------------
2017-08-14 14:37:27.359058 PDT | AverageReturn       114.5
2017-08-14 14:37:27.359175 PDT | ExplainedVariance     0.403402
2017-08-14 14:37:27.359290 PDT | NumTrajs            200
2017-08-14 14:37:27.359414 PDT | Entropy               2.83877
2017-08-14 14:37:27.359607 PDT | Perplexity           17.0948
2017-08-14 14:37:27.359721 PDT | StdReturn           365.704
2017-08-14 14:37:27.359821 PDT | MaxReturn          2100
2017-08-14 14:37:27.359938 PDT | MinReturn             0
2017-08-14 14:37:27.360118 PDT | AveragePolicyStd      1.0012
2017-08-14 14:37:27.360340 PDT | LossBefore           -0.00260898
2017-08-14 14:37:27.360557 PDT | LossAfter            -0.00845342
2017-08-14 14:37:27.360775 PDT | MeanKL                0.00370148
2017-08-14 14:37:27.360999 PDT | MaxKL                 0.0208371
2017-08-14 14:37:27.361160 PDT | Time                 66.9828
2017-08-14 14:37:27.361265 PDT | ItrTime              16.4032
2017-08-14 14:37:27.361364 PDT | -----------------  -------------
2017-08-14 14:37:27.361545 PDT | [point_1] itr #4 | Obtaining samples...
2017-08-14 14:37:43.650823 PDT | [point_1] itr #4 | Processing samples...
2017-08-14 14:37:43.653661 PDT | [point_1] itr #4 | fitting baseline...
2017-08-14 14:37:43.662361 PDT | [point_1] itr #4 | fitted
2017-08-14 14:37:43.686058 PDT | [point_1] itr #4 | Logging diagnostics...
2017-08-14 14:37:43.687272 PDT | [point_1] itr #4 | Optimizing policy...
2017-08-14 14:37:43.687556 PDT | [point_1] itr #4 | optimizing policy
2017-08-14 14:37:43.703797 PDT | [point_1] itr #4 | Saving snapshot...
2017-08-14 14:37:43.710656 PDT | [point_1] itr #4 | Saved
2017-08-14 14:37:43.710894 PDT | [point_1] itr #4 | Saving visualization of paths
2017-08-14 14:37:43.917356 PDT | -----------------  -------------
2017-08-14 14:37:43.917560 PDT | AverageReturn       198.5
2017-08-14 14:37:43.917784 PDT | ExplainedVariance     0.430488
2017-08-14 14:37:43.917982 PDT | NumTrajs            200
2017-08-14 14:37:43.918147 PDT | Entropy               2.83747
2017-08-14 14:37:43.918334 PDT | Perplexity           17.0725
2017-08-14 14:37:43.918529 PDT | StdReturn           456.123
2017-08-14 14:37:43.918672 PDT | MaxReturn          1800
2017-08-14 14:37:43.918772 PDT | MinReturn             0
2017-08-14 14:37:43.918869 PDT | AveragePolicyStd      1.00062
2017-08-14 14:37:43.918968 PDT | LossBefore           -0.00481353
2017-08-14 14:37:43.919070 PDT | LossAfter            -0.0101125
2017-08-14 14:37:43.919171 PDT | MeanKL                0.00364356
2017-08-14 14:37:43.919301 PDT | MaxKL                 0.0124241
2017-08-14 14:37:43.919472 PDT | Time                 83.5234
2017-08-14 14:37:43.919590 PDT | ItrTime              16.3494
2017-08-14 14:37:43.919793 PDT | -----------------  -------------
2017-08-14 14:37:43.920116 PDT | [point_1] itr #5 | Obtaining samples...
2017-08-14 14:38:00.367900 PDT | [point_1] itr #5 | Processing samples...
2017-08-14 14:38:00.370754 PDT | [point_1] itr #5 | fitting baseline...
2017-08-14 14:38:00.379540 PDT | [point_1] itr #5 | fitted
2017-08-14 14:38:00.393403 PDT | [point_1] itr #5 | Logging diagnostics...
2017-08-14 14:38:00.394388 PDT | [point_1] itr #5 | Optimizing policy...
2017-08-14 14:38:00.394603 PDT | [point_1] itr #5 | optimizing policy
2017-08-14 14:38:00.429930 PDT | [point_1] itr #5 | Saving snapshot...
2017-08-14 14:38:00.439149 PDT | [point_1] itr #5 | Saved
2017-08-14 14:38:00.439420 PDT | [point_1] itr #5 | Saving visualization of paths
2017-08-14 14:38:00.620706 PDT | -----------------  -------------
2017-08-14 14:38:00.620977 PDT | AverageReturn       266.5
2017-08-14 14:38:00.621083 PDT | ExplainedVariance     0.444265
2017-08-14 14:38:00.621189 PDT | NumTrajs            200
2017-08-14 14:38:00.621366 PDT | Entropy               2.83506
2017-08-14 14:38:00.621479 PDT | Perplexity           17.0314
2017-08-14 14:38:00.621574 PDT | StdReturn           515.779
2017-08-14 14:38:00.621668 PDT | MaxReturn          2000
2017-08-14 14:38:00.621762 PDT | MinReturn             0
2017-08-14 14:38:00.621935 PDT | AveragePolicyStd      0.999271
2017-08-14 14:38:00.622144 PDT | LossBefore           -0.0126567
2017-08-14 14:38:00.622333 PDT | LossAfter            -0.018869
2017-08-14 14:38:00.622532 PDT | MeanKL                0.00452375
2017-08-14 14:38:00.622634 PDT | MaxKL                 0.0107292
2017-08-14 14:38:00.622729 PDT | Time                100.252
2017-08-14 14:38:00.622836 PDT | ItrTime              16.5193
2017-08-14 14:38:00.622954 PDT | -----------------  -------------
2017-08-14 14:38:00.623237 PDT | [point_1] itr #6 | Obtaining samples...
2017-08-14 14:38:16.785955 PDT | [point_1] itr #6 | Processing samples...
2017-08-14 14:38:16.788526 PDT | [point_1] itr #6 | fitting baseline...
2017-08-14 14:38:16.795690 PDT | [point_1] itr #6 | fitted
2017-08-14 14:38:16.812940 PDT | [point_1] itr #6 | Logging diagnostics...
2017-08-14 14:38:16.814111 PDT | [point_1] itr #6 | Optimizing policy...
2017-08-14 14:38:16.814413 PDT | [point_1] itr #6 | optimizing policy
2017-08-14 14:38:16.836954 PDT | [point_1] itr #6 | Saving snapshot...
2017-08-14 14:38:16.850161 PDT | [point_1] itr #6 | Saved
2017-08-14 14:38:16.851659 PDT | [point_1] itr #6 | Saving visualization of paths
2017-08-14 14:38:17.053876 PDT | -----------------  -------------
2017-08-14 14:38:17.054056 PDT | AverageReturn       500
2017-08-14 14:38:17.054164 PDT | ExplainedVariance     0.510278
2017-08-14 14:38:17.054273 PDT | NumTrajs            200
2017-08-14 14:38:17.054373 PDT | Entropy               2.82873
2017-08-14 14:38:17.054471 PDT | Perplexity           16.924
2017-08-14 14:38:17.054568 PDT | StdReturn           646.916
2017-08-14 14:38:17.054665 PDT | MaxReturn          2500
2017-08-14 14:38:17.054763 PDT | MinReturn             0
2017-08-14 14:38:17.054859 PDT | AveragePolicyStd      0.995986
2017-08-14 14:38:17.054991 PDT | LossBefore           -0.00445572
2017-08-14 14:38:17.055091 PDT | LossAfter            -0.013824
2017-08-14 14:38:17.055189 PDT | MeanKL                0.00785203
2017-08-14 14:38:17.055286 PDT | MaxKL                 0.0193888
2017-08-14 14:38:17.055383 PDT | Time                116.664
2017-08-14 14:38:17.055489 PDT | ItrTime              16.2284
2017-08-14 14:38:17.055587 PDT | -----------------  -------------
2017-08-14 14:38:17.055751 PDT | [point_1] itr #7 | Obtaining samples...
2017-08-14 14:38:33.224772 PDT | [point_1] itr #7 | Processing samples...
2017-08-14 14:38:33.227602 PDT | [point_1] itr #7 | fitting baseline...
2017-08-14 14:38:33.237444 PDT | [point_1] itr #7 | fitted
2017-08-14 14:38:33.262423 PDT | [point_1] itr #7 | Logging diagnostics...
2017-08-14 14:38:33.263587 PDT | [point_1] itr #7 | Optimizing policy...
2017-08-14 14:38:33.263826 PDT | [point_1] itr #7 | optimizing policy
2017-08-14 14:38:33.289971 PDT | [point_1] itr #7 | Saving snapshot...
2017-08-14 14:38:33.299302 PDT | [point_1] itr #7 | Saved
2017-08-14 14:38:33.299541 PDT | [point_1] itr #7 | Saving visualization of paths
2017-08-14 14:38:33.504975 PDT | -----------------  -------------
2017-08-14 14:38:33.505231 PDT | AverageReturn       488.5
2017-08-14 14:38:33.505403 PDT | ExplainedVariance     0.524044
2017-08-14 14:38:33.505565 PDT | NumTrajs            200
2017-08-14 14:38:33.505725 PDT | Entropy               2.8265
2017-08-14 14:38:33.505885 PDT | Perplexity           16.8863
2017-08-14 14:38:33.506044 PDT | StdReturn           661.149
2017-08-14 14:38:33.506202 PDT | MaxReturn          2200
2017-08-14 14:38:33.506358 PDT | MinReturn             0
2017-08-14 14:38:33.506516 PDT | AveragePolicyStd      0.994809
2017-08-14 14:38:33.506674 PDT | LossBefore           -0.0169381
2017-08-14 14:38:33.506833 PDT | LossAfter            -0.0275446
2017-08-14 14:38:33.506991 PDT | MeanKL                0.00896089
2017-08-14 14:38:33.507149 PDT | MaxKL                 0.0268823
2017-08-14 14:38:33.507305 PDT | Time                133.112
2017-08-14 14:38:33.507459 PDT | ItrTime              16.2438
2017-08-14 14:38:33.507614 PDT | -----------------  -------------
2017-08-14 14:38:33.507862 PDT | [point_1] itr #8 | Obtaining samples...
2017-08-14 14:38:49.817477 PDT | [point_1] itr #8 | Processing samples...
2017-08-14 14:38:49.820669 PDT | [point_1] itr #8 | fitting baseline...
2017-08-14 14:38:49.836195 PDT | [point_1] itr #8 | fitted
2017-08-14 14:38:49.906142 PDT | [point_1] itr #8 | Logging diagnostics...
2017-08-14 14:38:49.907500 PDT | [point_1] itr #8 | Optimizing policy...
2017-08-14 14:38:49.907791 PDT | [point_1] itr #8 | optimizing policy
2017-08-14 14:38:49.926643 PDT | [point_1] itr #8 | Saving snapshot...
2017-08-14 14:38:49.931077 PDT | [point_1] itr #8 | Saved
2017-08-14 14:38:49.931233 PDT | [point_1] itr #8 | Saving visualization of paths
2017-08-14 14:38:50.118054 PDT | -----------------  ------------
2017-08-14 14:38:50.118306 PDT | AverageReturn       768.5
2017-08-14 14:38:50.118476 PDT | ExplainedVariance     0.569718
2017-08-14 14:38:50.118638 PDT | NumTrajs            200
2017-08-14 14:38:50.118799 PDT | Entropy               2.81804
2017-08-14 14:38:50.118958 PDT | Perplexity           16.7439
2017-08-14 14:38:50.119117 PDT | StdReturn           796.717
2017-08-14 14:38:50.119274 PDT | MaxReturn          2600
2017-08-14 14:38:50.119432 PDT | MinReturn             0
2017-08-14 14:38:50.119589 PDT | AveragePolicyStd      0.990587
2017-08-14 14:38:50.119747 PDT | LossBefore           -0.0115954
2017-08-14 14:38:50.119905 PDT | LossAfter            -0.0237801
2017-08-14 14:38:50.120063 PDT | MeanKL                0.0109549
2017-08-14 14:38:50.120220 PDT | MaxKL                 0.0332376
2017-08-14 14:38:50.120375 PDT | Time                149.744
2017-08-14 14:38:50.120531 PDT | ItrTime              16.4234
2017-08-14 14:38:50.120688 PDT | -----------------  ------------
2017-08-14 14:38:50.120942 PDT | [point_1] itr #9 | Obtaining samples...
2017-08-14 14:39:06.392976 PDT | [point_1] itr #9 | Processing samples...
2017-08-14 14:39:06.396130 PDT | [point_1] itr #9 | fitting baseline...
2017-08-14 14:39:06.404789 PDT | [point_1] itr #9 | fitted
2017-08-14 14:39:06.425201 PDT | [point_1] itr #9 | Logging diagnostics...
2017-08-14 14:39:06.426304 PDT | [point_1] itr #9 | Optimizing policy...
2017-08-14 14:39:06.426605 PDT | [point_1] itr #9 | optimizing policy
2017-08-14 14:39:06.457732 PDT | [point_1] itr #9 | Saving snapshot...
2017-08-14 14:39:06.464553 PDT | [point_1] itr #9 | Saved
2017-08-14 14:39:06.464874 PDT | [point_1] itr #9 | Saving visualization of paths
2017-08-14 14:39:06.674135 PDT | -----------------  ------------
2017-08-14 14:39:06.674417 PDT | AverageReturn      1148
2017-08-14 14:39:06.674543 PDT | ExplainedVariance     0.675599
2017-08-14 14:39:06.674754 PDT | NumTrajs            200
2017-08-14 14:39:06.674942 PDT | Entropy               2.81224
2017-08-14 14:39:06.675071 PDT | Perplexity           16.6471
2017-08-14 14:39:06.675171 PDT | StdReturn           812.832
2017-08-14 14:39:06.675269 PDT | MaxReturn          2500
2017-08-14 14:39:06.675441 PDT | MinReturn             0
2017-08-14 14:39:06.675554 PDT | AveragePolicyStd      0.987617
2017-08-14 14:39:06.675656 PDT | LossBefore           -0.019463
2017-08-14 14:39:06.675781 PDT | LossAfter            -0.0317158
2017-08-14 14:39:06.675991 PDT | MeanKL                0.0143164
2017-08-14 14:39:06.676217 PDT | MaxKL                 0.0435965
2017-08-14 14:39:06.676437 PDT | Time                166.277
2017-08-14 14:39:06.676653 PDT | ItrTime              16.3439
2017-08-14 14:39:06.676870 PDT | -----------------  ------------
2017-08-14 14:39:06.677177 PDT | [point_1] itr #10 | Obtaining samples...
2017-08-14 14:39:22.795913 PDT | [point_1] itr #10 | Processing samples...
2017-08-14 14:39:22.798333 PDT | [point_1] itr #10 | fitting baseline...
2017-08-14 14:39:22.808154 PDT | [point_1] itr #10 | fitted
2017-08-14 14:39:22.828537 PDT | [point_1] itr #10 | Logging diagnostics...
2017-08-14 14:39:22.829726 PDT | [point_1] itr #10 | Optimizing policy...
2017-08-14 14:39:22.829969 PDT | [point_1] itr #10 | optimizing policy
2017-08-14 14:39:22.847303 PDT | [point_1] itr #10 | Saving snapshot...
2017-08-14 14:39:22.855623 PDT | [point_1] itr #10 | Saved
2017-08-14 14:39:22.855802 PDT | [point_1] itr #10 | Saving visualization of paths
2017-08-14 14:39:23.168640 PDT | -----------------  ------------
2017-08-14 14:39:23.168829 PDT | AverageReturn      1513
2017-08-14 14:39:23.169016 PDT | ExplainedVariance     0.742474
2017-08-14 14:39:23.169234 PDT | NumTrajs            200
2017-08-14 14:39:23.169453 PDT | Entropy               2.80251
2017-08-14 14:39:23.169667 PDT | Perplexity           16.4859
2017-08-14 14:39:23.169876 PDT | StdReturn           704.862
2017-08-14 14:39:23.169985 PDT | MaxReturn          2700
2017-08-14 14:39:23.170086 PDT | MinReturn             0
2017-08-14 14:39:23.170185 PDT | AveragePolicyStd      0.982887
2017-08-14 14:39:23.170294 PDT | LossBefore           -0.0303562
2017-08-14 14:39:23.170427 PDT | LossAfter            -0.042041
2017-08-14 14:39:23.170560 PDT | MeanKL                0.0133344
2017-08-14 14:39:23.170708 PDT | MaxKL                 0.0398765
2017-08-14 14:39:23.170821 PDT | Time                182.668
2017-08-14 14:39:23.170921 PDT | ItrTime              16.1786
2017-08-14 14:39:23.171020 PDT | -----------------  ------------
2017-08-14 14:39:23.171234 PDT | [point_1] itr #11 | Obtaining samples...
2017-08-14 14:39:39.557536 PDT | [point_1] itr #11 | Processing samples...
2017-08-14 14:39:39.560473 PDT | [point_1] itr #11 | fitting baseline...
2017-08-14 14:39:39.578228 PDT | [point_1] itr #11 | fitted
2017-08-14 14:39:39.610855 PDT | [point_1] itr #11 | Logging diagnostics...
2017-08-14 14:39:39.622266 PDT | [point_1] itr #11 | Optimizing policy...
2017-08-14 14:39:39.623855 PDT | [point_1] itr #11 | optimizing policy
2017-08-14 14:39:39.642427 PDT | [point_1] itr #11 | Saving snapshot...
2017-08-14 14:39:39.652126 PDT | [point_1] itr #11 | Saved
2017-08-14 14:39:39.652307 PDT | [point_1] itr #11 | Saving visualization of paths
2017-08-14 14:39:39.836111 PDT | -----------------  ------------
2017-08-14 14:39:39.836369 PDT | AverageReturn      1623.5
2017-08-14 14:39:39.836593 PDT | ExplainedVariance     0.799054
2017-08-14 14:39:39.836804 PDT | NumTrajs            200
2017-08-14 14:39:39.836977 PDT | Entropy               2.78733
2017-08-14 14:39:39.837080 PDT | Perplexity           16.2376
2017-08-14 14:39:39.837228 PDT | StdReturn           726.015
2017-08-14 14:39:39.837386 PDT | MaxReturn          2800
2017-08-14 14:39:39.837584 PDT | MinReturn             0
2017-08-14 14:39:39.837793 PDT | AveragePolicyStd      0.975362
2017-08-14 14:39:39.838002 PDT | LossBefore           -0.0406016
2017-08-14 14:39:39.838213 PDT | LossAfter            -0.0556792
2017-08-14 14:39:39.838328 PDT | MeanKL                0.0180475
2017-08-14 14:39:39.838451 PDT | MaxKL                 0.0740055
2017-08-14 14:39:39.838551 PDT | Time                199.465
2017-08-14 14:39:39.838682 PDT | ItrTime              16.4811
2017-08-14 14:39:39.838886 PDT | -----------------  ------------
2017-08-14 14:39:39.839153 PDT | [point_1] itr #12 | Obtaining samples...
2017-08-14 14:39:56.440526 PDT | [point_1] itr #12 | Processing samples...
2017-08-14 14:39:56.443196 PDT | [point_1] itr #12 | fitting baseline...
2017-08-14 14:39:56.452093 PDT | [point_1] itr #12 | fitted
2017-08-14 14:39:56.471796 PDT | [point_1] itr #12 | Logging diagnostics...
2017-08-14 14:39:56.472911 PDT | [point_1] itr #12 | Optimizing policy...
2017-08-14 14:39:56.473228 PDT | [point_1] itr #12 | optimizing policy
2017-08-14 14:39:56.489687 PDT | [point_1] itr #12 | Saving snapshot...
2017-08-14 14:39:56.495227 PDT | [point_1] itr #12 | Saved
2017-08-14 14:39:56.495474 PDT | [point_1] itr #12 | Saving visualization of paths
2017-08-14 14:39:56.704124 PDT | -----------------  ------------
2017-08-14 14:39:56.704363 PDT | AverageReturn      1875
2017-08-14 14:39:56.704468 PDT | ExplainedVariance     0.866556
2017-08-14 14:39:56.704566 PDT | NumTrajs            200
2017-08-14 14:39:56.704663 PDT | Entropy               2.76703
2017-08-14 14:39:56.704758 PDT | Perplexity           15.9113
2017-08-14 14:39:56.704852 PDT | StdReturn           576.52
2017-08-14 14:39:56.704945 PDT | MaxReturn          2900
2017-08-14 14:39:56.705038 PDT | MinReturn             0
2017-08-14 14:39:56.705165 PDT | AveragePolicyStd      0.965476
2017-08-14 14:39:56.705307 PDT | LossBefore           -0.0614621
2017-08-14 14:39:56.705507 PDT | LossAfter            -0.0944909
2017-08-14 14:39:56.705675 PDT | MeanKL                0.0492513
2017-08-14 14:39:56.705888 PDT | MaxKL                 0.233366
2017-08-14 14:39:56.706632 PDT | Time                216.308
2017-08-14 14:39:56.706809 PDT | ItrTime              16.6563
2017-08-14 14:39:56.706911 PDT | -----------------  ------------
2017-08-14 14:39:56.707116 PDT | [point_1] itr #13 | Obtaining samples...
2017-08-14 14:40:13.777141 PDT | [point_1] itr #13 | Processing samples...
2017-08-14 14:40:13.779387 PDT | [point_1] itr #13 | fitting baseline...
2017-08-14 14:40:13.795382 PDT | [point_1] itr #13 | fitted
2017-08-14 14:40:13.821337 PDT | [point_1] itr #13 | Logging diagnostics...
2017-08-14 14:40:13.822458 PDT | [point_1] itr #13 | Optimizing policy...
2017-08-14 14:40:13.822694 PDT | [point_1] itr #13 | optimizing policy
2017-08-14 14:40:13.843918 PDT | [point_1] itr #13 | Saving snapshot...
2017-08-14 14:40:13.850642 PDT | [point_1] itr #13 | Saved
2017-08-14 14:40:13.851824 PDT | [point_1] itr #13 | Saving visualization of paths
2017-08-14 14:40:14.049675 PDT | -----------------  ------------
2017-08-14 14:40:14.049870 PDT | AverageReturn      2127.5
2017-08-14 14:40:14.050079 PDT | ExplainedVariance     0.937356
2017-08-14 14:40:14.050396 PDT | NumTrajs            200
2017-08-14 14:40:14.050549 PDT | Entropy               2.7363
2017-08-14 14:40:14.050729 PDT | Perplexity           15.4297
2017-08-14 14:40:14.050912 PDT | StdReturn           404.096
2017-08-14 14:40:14.051114 PDT | MaxReturn          2800
2017-08-14 14:40:14.051332 PDT | MinReturn           600
2017-08-14 14:40:14.051546 PDT | AveragePolicyStd      0.95088
2017-08-14 14:40:14.051758 PDT | LossBefore           -0.0415514
2017-08-14 14:40:14.051971 PDT | LossAfter            -0.0616413
2017-08-14 14:40:14.052160 PDT | MeanKL                0.0321438
2017-08-14 14:40:14.052377 PDT | MaxKL                 0.13296
2017-08-14 14:40:14.052558 PDT | Time                233.664
2017-08-14 14:40:14.052774 PDT | ItrTime              17.1447
2017-08-14 14:40:14.052975 PDT | -----------------  ------------
2017-08-14 14:40:14.053311 PDT | [point_1] itr #14 | Obtaining samples...
2017-08-14 14:40:31.227969 PDT | [point_1] itr #14 | Processing samples...
2017-08-14 14:40:31.231440 PDT | [point_1] itr #14 | fitting baseline...
2017-08-14 14:40:31.250413 PDT | [point_1] itr #14 | fitted
2017-08-14 14:40:31.290752 PDT | [point_1] itr #14 | Logging diagnostics...
2017-08-14 14:40:31.299235 PDT | [point_1] itr #14 | Optimizing policy...
2017-08-14 14:40:31.300292 PDT | [point_1] itr #14 | optimizing policy
2017-08-14 14:40:31.325396 PDT | [point_1] itr #14 | Saving snapshot...
2017-08-14 14:40:31.329982 PDT | [point_1] itr #14 | Saved
2017-08-14 14:40:31.330328 PDT | [point_1] itr #14 | Saving visualization of paths
2017-08-14 14:40:31.518139 PDT | -----------------  ------------
2017-08-14 14:40:31.518443 PDT | AverageReturn      2261
2017-08-14 14:40:31.518667 PDT | ExplainedVariance     0.961865
2017-08-14 14:40:31.518790 PDT | NumTrajs            200
2017-08-14 14:40:31.518892 PDT | Entropy               2.71552
2017-08-14 14:40:31.518991 PDT | Perplexity           15.1125
2017-08-14 14:40:31.519089 PDT | StdReturn           333.585
2017-08-14 14:40:31.519193 PDT | MaxReturn          2900
2017-08-14 14:40:31.519291 PDT | MinReturn          1200
2017-08-14 14:40:31.519449 PDT | AveragePolicyStd      0.941152
2017-08-14 14:40:31.519665 PDT | LossBefore           -0.0717586
2017-08-14 14:40:31.519885 PDT | LossAfter            -0.093676
2017-08-14 14:40:31.520101 PDT | MeanKL                0.0346905
2017-08-14 14:40:31.520238 PDT | MaxKL                 0.121463
2017-08-14 14:40:31.520341 PDT | Time                251.143
2017-08-14 14:40:31.520440 PDT | ItrTime              17.277
2017-08-14 14:40:31.520614 PDT | -----------------  ------------
2017-08-14 14:40:31.520940 PDT | [point_1] itr #15 | Obtaining samples...
2017-08-14 14:40:47.890989 PDT | [point_1] itr #15 | Processing samples...
2017-08-14 14:40:47.893319 PDT | [point_1] itr #15 | fitting baseline...
2017-08-14 14:40:47.936744 PDT | [point_1] itr #15 | fitted
2017-08-14 14:40:47.987714 PDT | [point_1] itr #15 | Logging diagnostics...
2017-08-14 14:40:47.988873 PDT | [point_1] itr #15 | Optimizing policy...
2017-08-14 14:40:47.989060 PDT | [point_1] itr #15 | optimizing policy
2017-08-14 14:40:48.008812 PDT | [point_1] itr #15 | Saving snapshot...
2017-08-14 14:40:48.012565 PDT | [point_1] itr #15 | Saved
2017-08-14 14:40:48.012762 PDT | [point_1] itr #15 | Saving visualization of paths
2017-08-14 14:40:48.206748 PDT | -----------------  ------------
2017-08-14 14:40:48.206940 PDT | AverageReturn      2398.5
2017-08-14 14:40:48.207075 PDT | ExplainedVariance     0.979801
2017-08-14 14:40:48.207201 PDT | NumTrajs            200
2017-08-14 14:40:48.207332 PDT | Entropy               2.67964
2017-08-14 14:40:48.207539 PDT | Perplexity           14.5799
2017-08-14 14:40:48.207756 PDT | StdReturn           247.483
2017-08-14 14:40:48.207988 PDT | MaxReturn          2900
2017-08-14 14:40:48.208193 PDT | MinReturn          1400
2017-08-14 14:40:48.208404 PDT | AveragePolicyStd      0.924445
2017-08-14 14:40:48.208605 PDT | LossBefore           -0.0667935
2017-08-14 14:40:48.208732 PDT | LossAfter            -0.0802654
2017-08-14 14:40:48.208855 PDT | MeanKL                0.0175664
2017-08-14 14:40:48.209024 PDT | MaxKL                 0.064622
2017-08-14 14:40:48.209172 PDT | Time                267.825
2017-08-14 14:40:48.209308 PDT | ItrTime              16.4918
2017-08-14 14:40:48.209431 PDT | -----------------  ------------
2017-08-14 14:40:48.209632 PDT | [point_1] itr #16 | Obtaining samples...
2017-08-14 14:41:04.534048 PDT | [point_1] itr #16 | Processing samples...
2017-08-14 14:41:04.536495 PDT | [point_1] itr #16 | fitting baseline...
2017-08-14 14:41:04.544702 PDT | [point_1] itr #16 | fitted
2017-08-14 14:41:04.564675 PDT | [point_1] itr #16 | Logging diagnostics...
2017-08-14 14:41:04.565931 PDT | [point_1] itr #16 | Optimizing policy...
2017-08-14 14:41:04.566254 PDT | [point_1] itr #16 | optimizing policy
2017-08-14 14:41:04.585172 PDT | [point_1] itr #16 | Saving snapshot...
2017-08-14 14:41:04.590750 PDT | [point_1] itr #16 | Saved
2017-08-14 14:41:04.591664 PDT | [point_1] itr #16 | Saving visualization of paths
2017-08-14 14:41:04.779372 PDT | -----------------  -------------
2017-08-14 14:41:04.779634 PDT | AverageReturn      2446.5
2017-08-14 14:41:04.779844 PDT | ExplainedVariance     0.981167
2017-08-14 14:41:04.780061 PDT | NumTrajs            200
2017-08-14 14:41:04.780270 PDT | Entropy               2.64624
2017-08-14 14:41:04.780474 PDT | Perplexity           14.101
2017-08-14 14:41:04.780650 PDT | StdReturn           251.968
2017-08-14 14:41:04.780838 PDT | MaxReturn          3000
2017-08-14 14:41:04.781001 PDT | MinReturn          1300
2017-08-14 14:41:04.781142 PDT | AveragePolicyStd      0.909012
2017-08-14 14:41:04.781293 PDT | LossBefore           -0.0402352
2017-08-14 14:41:04.781484 PDT | LossAfter            -0.0475451
2017-08-14 14:41:04.781701 PDT | MeanKL                0.00819253
2017-08-14 14:41:04.781914 PDT | MaxKL                 0.0293365
2017-08-14 14:41:04.782120 PDT | Time                284.404
2017-08-14 14:41:04.782316 PDT | ItrTime              16.382
2017-08-14 14:41:04.782481 PDT | -----------------  -------------
2017-08-14 14:41:04.782760 PDT | [point_1] itr #17 | Obtaining samples...
2017-08-14 14:41:21.400983 PDT | [point_1] itr #17 | Processing samples...
2017-08-14 14:41:21.402872 PDT | [point_1] itr #17 | fitting baseline...
2017-08-14 14:41:21.430846 PDT | [point_1] itr #17 | fitted
2017-08-14 14:41:21.492571 PDT | [point_1] itr #17 | Logging diagnostics...
2017-08-14 14:41:21.493764 PDT | [point_1] itr #17 | Optimizing policy...
2017-08-14 14:41:21.493969 PDT | [point_1] itr #17 | optimizing policy
2017-08-14 14:41:21.510335 PDT | [point_1] itr #17 | Saving snapshot...
2017-08-14 14:41:21.515882 PDT | [point_1] itr #17 | Saved
2017-08-14 14:41:21.516106 PDT | [point_1] itr #17 | Saving visualization of paths
2017-08-14 14:41:21.715330 PDT | -----------------  ------------
2017-08-14 14:41:21.715516 PDT | AverageReturn      2496.5
2017-08-14 14:41:21.715660 PDT | ExplainedVariance     0.987453
2017-08-14 14:41:21.715841 PDT | NumTrajs            200
2017-08-14 14:41:21.716022 PDT | Entropy               2.62613
2017-08-14 14:41:21.716195 PDT | Perplexity           13.8201
2017-08-14 14:41:21.716311 PDT | StdReturn           188.515
2017-08-14 14:41:21.716434 PDT | MaxReturn          2800
2017-08-14 14:41:21.716581 PDT | MinReturn          1900
2017-08-14 14:41:21.716761 PDT | AveragePolicyStd      0.89992
2017-08-14 14:41:21.716943 PDT | LossBefore           -0.0287665
2017-08-14 14:41:21.717095 PDT | LossAfter            -0.0440675
2017-08-14 14:41:21.717272 PDT | MeanKL                0.0327498
2017-08-14 14:41:21.717428 PDT | MaxKL                 0.0959996
2017-08-14 14:41:21.717530 PDT | Time                301.329
2017-08-14 14:41:21.717631 PDT | ItrTime              16.7334
2017-08-14 14:41:21.717810 PDT | -----------------  ------------
2017-08-14 14:41:21.718068 PDT | [point_1] itr #18 | Obtaining samples...
2017-08-14 14:41:38.372520 PDT | [point_1] itr #18 | Processing samples...
2017-08-14 14:41:38.375306 PDT | [point_1] itr #18 | fitting baseline...
2017-08-14 14:41:38.385529 PDT | [point_1] itr #18 | fitted
2017-08-14 14:41:38.404956 PDT | [point_1] itr #18 | Logging diagnostics...
2017-08-14 14:41:38.406226 PDT | [point_1] itr #18 | Optimizing policy...
2017-08-14 14:41:38.406521 PDT | [point_1] itr #18 | optimizing policy
2017-08-14 14:41:38.428598 PDT | [point_1] itr #18 | Saving snapshot...
2017-08-14 14:41:38.434368 PDT | [point_1] itr #18 | Saved
2017-08-14 14:41:38.434592 PDT | [point_1] itr #18 | Saving visualization of paths
2017-08-14 14:41:38.635114 PDT | -----------------  ------------
2017-08-14 14:41:38.635421 PDT | AverageReturn      2539.5
2017-08-14 14:41:38.635655 PDT | ExplainedVariance     0.988397
2017-08-14 14:41:38.635878 PDT | NumTrajs            200
2017-08-14 14:41:38.636045 PDT | Entropy               2.61174
2017-08-14 14:41:38.636180 PDT | Perplexity           13.6228
2017-08-14 14:41:38.636289 PDT | StdReturn           185.714
2017-08-14 14:41:38.636428 PDT | MaxReturn          3000
2017-08-14 14:41:38.636650 PDT | MinReturn          2000
2017-08-14 14:41:38.636865 PDT | AveragePolicyStd      0.89342
2017-08-14 14:41:38.637080 PDT | LossBefore           -0.0544396
2017-08-14 14:41:38.637289 PDT | LossAfter            -0.0613223
2017-08-14 14:41:38.637406 PDT | MeanKL                0.0107772
2017-08-14 14:41:38.637509 PDT | MaxKL                 0.0427202
2017-08-14 14:41:38.637608 PDT | Time                318.247
2017-08-14 14:41:38.637710 PDT | ItrTime              16.7165
2017-08-14 14:41:38.637830 PDT | -----------------  ------------
2017-08-14 14:41:38.637999 PDT | [point_1] itr #19 | Obtaining samples...
2017-08-14 14:41:55.597695 PDT | [point_1] itr #19 | Processing samples...
2017-08-14 14:41:55.600363 PDT | [point_1] itr #19 | fitting baseline...
2017-08-14 14:41:55.607006 PDT | [point_1] itr #19 | fitted
2017-08-14 14:41:55.625949 PDT | [point_1] itr #19 | Logging diagnostics...
2017-08-14 14:41:55.627086 PDT | [point_1] itr #19 | Optimizing policy...
2017-08-14 14:41:55.627277 PDT | [point_1] itr #19 | optimizing policy
2017-08-14 14:41:55.651695 PDT | [point_1] itr #19 | Saving snapshot...
2017-08-14 14:41:55.662419 PDT | [point_1] itr #19 | Saved
2017-08-14 14:41:55.662693 PDT | [point_1] itr #19 | Saving visualization of paths
2017-08-14 14:41:55.857518 PDT | -----------------  -------------
2017-08-14 14:41:55.857700 PDT | AverageReturn      2560.5
2017-08-14 14:41:55.857828 PDT | ExplainedVariance     0.989764
2017-08-14 14:41:55.857932 PDT | NumTrajs            200
2017-08-14 14:41:55.858030 PDT | Entropy               2.58452
2017-08-14 14:41:55.858126 PDT | Perplexity           13.257
2017-08-14 14:41:55.858229 PDT | StdReturn           166.402
2017-08-14 14:41:55.858325 PDT | MaxReturn          3000
2017-08-14 14:41:55.858420 PDT | MinReturn          2000
2017-08-14 14:41:55.858514 PDT | AveragePolicyStd      0.881439
2017-08-14 14:41:55.858625 PDT | LossBefore           -0.0327746
2017-08-14 14:41:55.858723 PDT | LossAfter            -0.0376988
2017-08-14 14:41:55.858848 PDT | MeanKL                0.00734058
2017-08-14 14:41:55.858954 PDT | MaxKL                 0.0298392
2017-08-14 14:41:55.859052 PDT | Time                335.475
2017-08-14 14:41:55.859157 PDT | ItrTime              17.0247
2017-08-14 14:41:55.859269 PDT | -----------------  -------------
2017-08-14 14:41:55.859454 PDT | [point_1] itr #20 | Obtaining samples...
2017-08-14 14:42:12.266400 PDT | [point_1] itr #20 | Processing samples...
2017-08-14 14:42:12.268594 PDT | [point_1] itr #20 | fitting baseline...
2017-08-14 14:42:12.280886 PDT | [point_1] itr #20 | fitted
2017-08-14 14:42:12.302449 PDT | [point_1] itr #20 | Logging diagnostics...
2017-08-14 14:42:12.303702 PDT | [point_1] itr #20 | Optimizing policy...
2017-08-14 14:42:12.304252 PDT | [point_1] itr #20 | optimizing policy
2017-08-14 14:42:12.319116 PDT | [point_1] itr #20 | Saving snapshot...
2017-08-14 14:42:12.325899 PDT | [point_1] itr #20 | Saved
2017-08-14 14:42:12.326064 PDT | [point_1] itr #20 | Saving visualization of paths
2017-08-14 14:42:12.527219 PDT | -----------------  ------------
2017-08-14 14:42:12.527524 PDT | AverageReturn      2596.5
2017-08-14 14:42:12.527747 PDT | ExplainedVariance     0.989815
2017-08-14 14:42:12.527895 PDT | NumTrajs            200
2017-08-14 14:42:12.528023 PDT | Entropy               2.56814
2017-08-14 14:42:12.528226 PDT | Perplexity           13.0415
2017-08-14 14:42:12.528360 PDT | StdReturn           164.127
2017-08-14 14:42:12.528476 PDT | MaxReturn          2900
2017-08-14 14:42:12.528590 PDT | MinReturn          1900
2017-08-14 14:42:12.528701 PDT | AveragePolicyStd      0.874175
2017-08-14 14:42:12.528822 PDT | LossBefore           -0.0398034
2017-08-14 14:42:12.528975 PDT | LossAfter            -0.0457047
2017-08-14 14:42:12.529075 PDT | MeanKL                0.0131591
2017-08-14 14:42:12.529216 PDT | MaxKL                 0.0488225
2017-08-14 14:42:12.529327 PDT | Time                352.139
2017-08-14 14:42:12.529439 PDT | ItrTime              16.4666
2017-08-14 14:42:12.529549 PDT | -----------------  ------------
2017-08-14 14:42:12.529747 PDT | [point_1] itr #21 | Obtaining samples...
2017-08-14 14:42:29.956984 PDT | [point_1] itr #21 | Processing samples...
2017-08-14 14:42:29.958885 PDT | [point_1] itr #21 | fitting baseline...
2017-08-14 14:42:29.974231 PDT | [point_1] itr #21 | fitted
2017-08-14 14:42:30.003840 PDT | [point_1] itr #21 | Logging diagnostics...
2017-08-14 14:42:30.004891 PDT | [point_1] itr #21 | Optimizing policy...
2017-08-14 14:42:30.005101 PDT | [point_1] itr #21 | optimizing policy
2017-08-14 14:42:30.034515 PDT | [point_1] itr #21 | Saving snapshot...
2017-08-14 14:42:30.045453 PDT | [point_1] itr #21 | Saved
2017-08-14 14:42:30.045625 PDT | [point_1] itr #21 | Saving visualization of paths
2017-08-14 14:42:30.237883 PDT | -----------------  -------------
2017-08-14 14:42:30.238126 PDT | AverageReturn      2604.5
2017-08-14 14:42:30.238290 PDT | ExplainedVariance     0.992549
2017-08-14 14:42:30.238445 PDT | NumTrajs            200
2017-08-14 14:42:30.238597 PDT | Entropy               2.54823
2017-08-14 14:42:30.238748 PDT | Perplexity           12.7845
2017-08-14 14:42:30.238898 PDT | StdReturn           148.761
2017-08-14 14:42:30.239050 PDT | MaxReturn          3000
2017-08-14 14:42:30.239202 PDT | MinReturn          2100
2017-08-14 14:42:30.239352 PDT | AveragePolicyStd      0.865473
2017-08-14 14:42:30.239504 PDT | LossBefore           -0.043643
2017-08-14 14:42:30.239655 PDT | LossAfter            -0.0460537
2017-08-14 14:42:30.239806 PDT | MeanKL                0.00164292
2017-08-14 14:42:30.239957 PDT | MaxKL                 0.00655194
2017-08-14 14:42:30.240109 PDT | Time                369.858
2017-08-14 14:42:30.240260 PDT | ItrTime              17.5159
2017-08-14 14:42:30.240412 PDT | -----------------  -------------
2017-08-14 14:42:30.240653 PDT | [point_1] itr #22 | Obtaining samples...
2017-08-14 14:42:46.748447 PDT | [point_1] itr #22 | Processing samples...
2017-08-14 14:42:46.750615 PDT | [point_1] itr #22 | fitting baseline...
2017-08-14 14:42:46.759214 PDT | [point_1] itr #22 | fitted
2017-08-14 14:42:46.779697 PDT | [point_1] itr #22 | Logging diagnostics...
2017-08-14 14:42:46.781015 PDT | [point_1] itr #22 | Optimizing policy...
2017-08-14 14:42:46.781330 PDT | [point_1] itr #22 | optimizing policy
2017-08-14 14:42:46.827189 PDT | [point_1] itr #22 | Saving snapshot...
2017-08-14 14:42:46.832630 PDT | [point_1] itr #22 | Saved
2017-08-14 14:42:46.833439 PDT | [point_1] itr #22 | Saving visualization of paths
2017-08-14 14:42:47.140373 PDT | -----------------  ------------
2017-08-14 14:42:47.140652 PDT | AverageReturn      2619.5
2017-08-14 14:42:47.140782 PDT | ExplainedVariance     0.991421
2017-08-14 14:42:47.140891 PDT | NumTrajs            200
