2017-08-07 18:09:51.034221 PDT | [point_3] Populating workers...
2017-08-07 18:09:51.034611 PDT | [point_3] Populated
2017-08-07 18:09:51.034883 PDT | [point_3] itr #0 | Obtaining samples...
2017-08-07 18:09:52.362327 PDT | [point_3] itr #0 | Processing samples...
2017-08-07 18:09:52.362836 PDT | [point_3] itr #0 | fitting baseline...
2017-08-07 18:09:52.371839 PDT | [point_3] itr #0 | fitted
2017-08-07 18:09:52.374131 PDT | [point_3] itr #0 | Logging diagnostics...
2017-08-07 18:09:52.374467 PDT | [point_3] itr #0 | Optimizing policy...
2017-08-07 18:09:52.374645 PDT | [point_3] itr #0 | optimizing policy
2017-08-07 18:09:52.401882 PDT | [point_3] itr #0 | Saving snapshot...
2017-08-07 18:09:52.405739 PDT | [point_3] itr #0 | Saved
2017-08-07 18:09:52.406669 PDT | -----------------  ------------
2017-08-07 18:09:52.406912 PDT | TotalExecTime        1.32622
2017-08-07 18:09:52.407061 PDT | AverageReturn       40
2017-08-07 18:09:52.407202 PDT | ExplainedVariance    0.48849
2017-08-07 18:09:52.407355 PDT | NumTrajs            20
2017-08-07 18:09:52.407508 PDT | Entropy              2.7552
2017-08-07 18:09:52.407653 PDT | Perplexity          15.7242
2017-08-07 18:09:52.407796 PDT | StdReturn           96.9536
2017-08-07 18:09:52.407943 PDT | MaxReturn          300
2017-08-07 18:09:52.408081 PDT | MinReturn            0
2017-08-07 18:09:52.408216 PDT | AveragePolicyStd     0.959782
2017-08-07 18:09:52.408359 PDT | LossBefore          -0.00755897
2017-08-07 18:09:52.408494 PDT | LossAfter           -0.10995
2017-08-07 18:09:52.408627 PDT | MeanKL               0.588992
2017-08-07 18:09:52.408761 PDT | MaxKL                1.38442
2017-08-07 18:09:52.409060 PDT | Time                 1.37105
2017-08-07 18:09:52.409418 PDT | ItrTime              1.37105
2017-08-07 18:09:52.409558 PDT | -----------------  ------------
2017-08-07 18:09:52.409806 PDT | [point_3] itr #1 | Obtaining samples...
2017-08-07 18:09:53.294519 PDT | [point_3] itr #1 | Processing samples...
2017-08-07 18:09:53.295256 PDT | [point_3] itr #1 | fitting baseline...
2017-08-07 18:09:53.298866 PDT | [point_3] itr #1 | fitted
2017-08-07 18:09:53.302223 PDT | [point_3] itr #1 | Logging diagnostics...
2017-08-07 18:09:53.302667 PDT | [point_3] itr #1 | Optimizing policy...
2017-08-07 18:09:53.302940 PDT | [point_3] itr #1 | optimizing policy
2017-08-07 18:09:53.331111 PDT | [point_3] itr #1 | Saving snapshot...
2017-08-07 18:09:53.335698 PDT | [point_3] itr #1 | Saved
2017-08-07 18:09:53.336766 PDT | -----------------  ------------
2017-08-07 18:09:53.337039 PDT | TotalExecTime         0.88362
2017-08-07 18:09:53.337287 PDT | AverageReturn      1095
2017-08-07 18:09:53.337531 PDT | ExplainedVariance     0.648038
2017-08-07 18:09:53.337771 PDT | NumTrajs             20
2017-08-07 18:09:53.338011 PDT | Entropy               2.74764
2017-08-07 18:09:53.338251 PDT | Perplexity           15.6058
2017-08-07 18:09:53.338491 PDT | StdReturn           876.627
2017-08-07 18:09:53.338730 PDT | MaxReturn          2400
2017-08-07 18:09:53.338969 PDT | MinReturn             0
2017-08-07 18:09:53.339208 PDT | AveragePolicyStd      0.955933
2017-08-07 18:09:53.339461 PDT | LossBefore           -0.0530506
2017-08-07 18:09:53.339702 PDT | LossAfter            -0.121062
2017-08-07 18:09:53.339942 PDT | MeanKL                0.137728
2017-08-07 18:09:53.340179 PDT | MaxKL                 0.37623
2017-08-07 18:09:53.340418 PDT | Time                  2.30113
2017-08-07 18:09:53.340738 PDT | ItrTime               0.92619
2017-08-07 18:09:53.341087 PDT | -----------------  ------------
2017-08-07 18:09:53.341425 PDT | [point_3] itr #2 | Obtaining samples...
2017-08-07 18:09:54.276151 PDT | [point_3] itr #2 | Processing samples...
2017-08-07 18:09:54.276690 PDT | [point_3] itr #2 | fitting baseline...
2017-08-07 18:09:54.279145 PDT | [point_3] itr #2 | fitted
2017-08-07 18:09:54.283085 PDT | [point_3] itr #2 | Logging diagnostics...
2017-08-07 18:09:54.283649 PDT | [point_3] itr #2 | Optimizing policy...
2017-08-07 18:09:54.283968 PDT | [point_3] itr #2 | optimizing policy
2017-08-07 18:09:54.304107 PDT | [point_3] itr #2 | Saving snapshot...
2017-08-07 18:09:54.310557 PDT | [point_3] itr #2 | Saved
2017-08-07 18:09:54.311721 PDT | -----------------  -----------
2017-08-07 18:09:54.311959 PDT | TotalExecTime         0.93369
2017-08-07 18:09:54.312167 PDT | AverageReturn      2165
2017-08-07 18:09:54.312371 PDT | ExplainedVariance     0.94401
2017-08-07 18:09:54.312572 PDT | NumTrajs             20
2017-08-07 18:09:54.312772 PDT | Entropy               2.72112
2017-08-07 18:09:54.312971 PDT | Perplexity           15.1973
2017-08-07 18:09:54.313170 PDT | StdReturn           279.777
2017-08-07 18:09:54.313369 PDT | MaxReturn          2600
2017-08-07 18:09:54.313568 PDT | MinReturn          1700
2017-08-07 18:09:54.313766 PDT | AveragePolicyStd      0.94335
2017-08-07 18:09:54.313964 PDT | LossBefore           -0.103567
2017-08-07 18:09:54.314163 PDT | LossAfter            -0.17341
2017-08-07 18:09:54.314360 PDT | MeanKL                0.257667
2017-08-07 18:09:54.314558 PDT | MaxKL                 0.8573
2017-08-07 18:09:54.314756 PDT | Time                  3.27594
2017-08-07 18:09:54.314954 PDT | ItrTime               0.969392
2017-08-07 18:09:54.315152 PDT | -----------------  -----------
2017-08-07 18:09:54.315462 PDT | [point_3] itr #3 | Obtaining samples...
2017-08-07 18:09:55.169410 PDT | [point_3] itr #3 | Processing samples...
2017-08-07 18:09:55.169778 PDT | [point_3] itr #3 | fitting baseline...
2017-08-07 18:09:55.170824 PDT | [point_3] itr #3 | fitted
2017-08-07 18:09:55.172580 PDT | [point_3] itr #3 | Logging diagnostics...
2017-08-07 18:09:55.172844 PDT | [point_3] itr #3 | Optimizing policy...
2017-08-07 18:09:55.172979 PDT | [point_3] itr #3 | optimizing policy
2017-08-07 18:09:55.185826 PDT | [point_3] itr #3 | Saving snapshot...
2017-08-07 18:09:55.189056 PDT | [point_3] itr #3 | Saved
2017-08-07 18:09:55.189771 PDT | -----------------  ------------
2017-08-07 18:09:55.190027 PDT | TotalExecTime         0.851168
2017-08-07 18:09:55.190165 PDT | AverageReturn      2095
2017-08-07 18:09:55.190313 PDT | ExplainedVariance     0.942292
2017-08-07 18:09:55.190442 PDT | NumTrajs             20
2017-08-07 18:09:55.190568 PDT | Entropy               2.66933
2017-08-07 18:09:55.190696 PDT | Perplexity           14.4304
2017-08-07 18:09:55.190823 PDT | StdReturn           409.237
2017-08-07 18:09:55.190949 PDT | MaxReturn          2600
2017-08-07 18:09:55.191085 PDT | MinReturn          1000
2017-08-07 18:09:55.191212 PDT | AveragePolicyStd      0.9192
2017-08-07 18:09:55.191338 PDT | LossBefore           -0.0565211
2017-08-07 18:09:55.191482 PDT | LossAfter            -0.191417
2017-08-07 18:09:55.191608 PDT | MeanKL                0.484237
2017-08-07 18:09:55.191733 PDT | MaxKL                 1.39455
2017-08-07 18:09:55.191858 PDT | Time                  4.15435
2017-08-07 18:09:55.192023 PDT | ItrTime               0.873767
2017-08-07 18:09:55.192253 PDT | -----------------  ------------
2017-08-07 18:09:55.192518 PDT | [point_3] itr #4 | Obtaining samples...
2017-08-07 18:09:56.007544 PDT | [point_3] itr #4 | Processing samples...
2017-08-07 18:09:56.008040 PDT | [point_3] itr #4 | fitting baseline...
2017-08-07 18:09:56.009105 PDT | [point_3] itr #4 | fitted
2017-08-07 18:09:56.011815 PDT | [point_3] itr #4 | Logging diagnostics...
2017-08-07 18:09:56.012268 PDT | [point_3] itr #4 | Optimizing policy...
2017-08-07 18:09:56.012542 PDT | [point_3] itr #4 | optimizing policy
2017-08-07 18:09:56.027688 PDT | [point_3] itr #4 | Saving snapshot...
2017-08-07 18:09:56.032789 PDT | [point_3] itr #4 | Saved
2017-08-07 18:09:56.033860 PDT | -----------------  ------------
2017-08-07 18:09:56.034426 PDT | TotalExecTime         0.814262
2017-08-07 18:09:56.034632 PDT | AverageReturn      2515
2017-08-07 18:09:56.034819 PDT | ExplainedVariance     0.990517
2017-08-07 18:09:56.035001 PDT | NumTrajs             20
2017-08-07 18:09:56.035183 PDT | Entropy               2.64107
2017-08-07 18:09:56.035365 PDT | Perplexity           14.0283
2017-08-07 18:09:56.035568 PDT | StdReturn           142.39
2017-08-07 18:09:56.035751 PDT | MaxReturn          2800
2017-08-07 18:09:56.035940 PDT | MinReturn          2200
2017-08-07 18:09:56.036124 PDT | AveragePolicyStd      0.906311
2017-08-07 18:09:56.036303 PDT | LossBefore           -0.0466445
2017-08-07 18:09:56.036489 PDT | LossAfter            -0.0893315
2017-08-07 18:09:56.036672 PDT | MeanKL                0.263197
2017-08-07 18:09:56.036853 PDT | MaxKL                 0.908046
2017-08-07 18:09:56.037034 PDT | Time                  4.99821
2017-08-07 18:09:56.037215 PDT | ItrTime               0.84056
2017-08-07 18:09:56.037395 PDT | -----------------  ------------
2017-08-07 18:09:56.037678 PDT | [point_3] itr #5 | Obtaining samples...
2017-08-07 18:09:57.146236 PDT | [point_3] itr #5 | Processing samples...
2017-08-07 18:09:57.146948 PDT | [point_3] itr #5 | fitting baseline...
2017-08-07 18:09:57.148720 PDT | [point_3] itr #5 | fitted
2017-08-07 18:09:57.154223 PDT | [point_3] itr #5 | Logging diagnostics...
2017-08-07 18:09:57.155165 PDT | [point_3] itr #5 | Optimizing policy...
2017-08-07 18:09:57.155701 PDT | [point_3] itr #5 | optimizing policy
2017-08-07 18:09:57.171297 PDT | [point_3] itr #5 | Saving snapshot...
2017-08-07 18:09:57.179895 PDT | [point_3] itr #5 | Saved
2017-08-07 18:09:57.181702 PDT | -----------------  ------------
2017-08-07 18:09:57.182080 PDT | TotalExecTime         1.10743
2017-08-07 18:09:57.182419 PDT | AverageReturn      2535
2017-08-07 18:09:57.182749 PDT | ExplainedVariance     0.991407
2017-08-07 18:09:57.183077 PDT | NumTrajs             20
2017-08-07 18:09:57.183419 PDT | Entropy               2.61775
2017-08-07 18:09:57.183764 PDT | Perplexity           13.7049
2017-08-07 18:09:57.184075 PDT | StdReturn           142.39
2017-08-07 18:09:57.184386 PDT | MaxReturn          2700
2017-08-07 18:09:57.184695 PDT | MinReturn          2300
2017-08-07 18:09:57.185006 PDT | AveragePolicyStd      0.89605
2017-08-07 18:09:57.185314 PDT | LossBefore           -0.0312461
2017-08-07 18:09:57.185623 PDT | LossAfter            -0.0645566
2017-08-07 18:09:57.185933 PDT | MeanKL                0.166148
2017-08-07 18:09:57.186241 PDT | MaxKL                 0.506278
2017-08-07 18:09:57.186565 PDT | Time                  6.14543
2017-08-07 18:09:57.186872 PDT | ItrTime               1.14263
2017-08-07 18:09:57.187179 PDT | -----------------  ------------
2017-08-07 18:09:57.187647 PDT | [point_3] itr #6 | Obtaining samples...
2017-08-07 18:09:58.172619 PDT | [point_3] itr #6 | Processing samples...
2017-08-07 18:09:58.173017 PDT | [point_3] itr #6 | fitting baseline...
2017-08-07 18:09:58.174170 PDT | [point_3] itr #6 | fitted
2017-08-07 18:09:58.175986 PDT | [point_3] itr #6 | Logging diagnostics...
2017-08-07 18:09:58.176261 PDT | [point_3] itr #6 | Optimizing policy...
2017-08-07 18:09:58.176460 PDT | [point_3] itr #6 | optimizing policy
2017-08-07 18:09:58.193542 PDT | [point_3] itr #6 | Saving snapshot...
2017-08-07 18:09:58.198918 PDT | [point_3] itr #6 | Saved
2017-08-07 18:09:58.200162 PDT | -----------------  ------------
2017-08-07 18:09:58.200455 PDT | TotalExecTime         0.983489
2017-08-07 18:09:58.200738 PDT | AverageReturn      2625
2017-08-07 18:09:58.201011 PDT | ExplainedVariance     0.992878
2017-08-07 18:09:58.201305 PDT | NumTrajs             20
2017-08-07 18:09:58.201580 PDT | Entropy               2.60213
2017-08-07 18:09:58.201851 PDT | Perplexity           13.4924
2017-08-07 18:09:58.202117 PDT | StdReturn           121.963
2017-08-07 18:09:58.202403 PDT | MaxReturn          2800
2017-08-07 18:09:58.202676 PDT | MinReturn          2300
2017-08-07 18:09:58.202940 PDT | AveragePolicyStd      0.889189
2017-08-07 18:09:58.203211 PDT | LossBefore           -0.0308701
2017-08-07 18:09:58.203515 PDT | LossAfter            -0.0424449
2017-08-07 18:09:58.203785 PDT | MeanKL                0.0657022
2017-08-07 18:09:58.204044 PDT | MaxKL                 0.273804
2017-08-07 18:09:58.204210 PDT | Time                  7.16437
2017-08-07 18:09:58.204362 PDT | ItrTime               1.01161
2017-08-07 18:09:58.204555 PDT | -----------------  ------------
