2017-08-02 14:37:26.953062 PDT | [point_4] Populating workers...
2017-08-02 14:37:26.953419 PDT | [point_4] Populated
2017-08-02 14:37:26.953667 PDT | [point_4] itr #0 | Obtaining samples...
2017-08-02 14:37:46.614229 PDT | [point_4] itr #0 | Processing samples...
2017-08-02 14:37:46.614934 PDT | [point_4] itr #0 | fitting baseline...
2017-08-02 14:37:46.642089 PDT | [point_4] itr #0 | fitted
2017-08-02 14:37:46.658646 PDT | [point_4] itr #0 | Logging diagnostics...
2017-08-02 14:37:46.659429 PDT | [point_4] itr #0 | Optimizing policy...
2017-08-02 14:37:46.659738 PDT | [point_4] itr #0 | optimizing policy
2017-08-02 14:37:46.716917 PDT | [point_4] itr #0 | Saving snapshot...
2017-08-02 14:37:46.722439 PDT | [point_4] itr #0 | Saved
2017-08-02 14:37:46.723515 PDT | -----------------  --------
2017-08-02 14:37:46.723805 PDT | TotalExecTime      19.6595
2017-08-02 14:37:46.724091 PDT | AverageReturn       0
2017-08-02 14:37:46.724381 PDT | ExplainedVariance   1
2017-08-02 14:37:46.724645 PDT | NumTrajs           20
2017-08-02 14:37:46.724906 PDT | Entropy             2.67957
2017-08-02 14:37:46.725170 PDT | Perplexity         14.5788
2017-08-02 14:37:46.725433 PDT | StdReturn           0
2017-08-02 14:37:46.725696 PDT | MaxReturn           0
2017-08-02 14:37:46.725959 PDT | MinReturn           0
2017-08-02 14:37:46.726220 PDT | AveragePolicyStd    0.92455
2017-08-02 14:37:46.726484 PDT | LossBefore         -0
2017-08-02 14:37:46.733086 PDT | LossAfter          -0
2017-08-02 14:37:46.733408 PDT | MeanKL              0
2017-08-02 14:37:46.733681 PDT | MaxKL               0
2017-08-02 14:37:46.734154 PDT | Time               19.7691
2017-08-02 14:37:46.734436 PDT | ItrTime            19.7691
2017-08-02 14:37:46.734700 PDT | -----------------  --------
2017-08-02 14:37:46.735085 PDT | [point_4] itr #1 | Obtaining samples...
2017-08-02 14:38:05.429848 PDT | [point_4] itr #1 | Processing samples...
2017-08-02 14:38:05.430404 PDT | [point_4] itr #1 | fitting baseline...
2017-08-02 14:38:05.482808 PDT | [point_4] itr #1 | fitted
2017-08-02 14:38:05.504796 PDT | [point_4] itr #1 | Logging diagnostics...
2017-08-02 14:38:05.505441 PDT | [point_4] itr #1 | Optimizing policy...
2017-08-02 14:38:05.505635 PDT | [point_4] itr #1 | optimizing policy
2017-08-02 14:38:05.556745 PDT | [point_4] itr #1 | Saving snapshot...
2017-08-02 14:38:05.568256 PDT | [point_4] itr #1 | Saved
2017-08-02 14:38:05.571402 PDT | -----------------  --------
2017-08-02 14:38:05.574203 PDT | TotalExecTime      18.6932
2017-08-02 14:38:05.574616 PDT | AverageReturn       0
2017-08-02 14:38:05.575100 PDT | ExplainedVariance   1
2017-08-02 14:38:05.575455 PDT | NumTrajs           20
2017-08-02 14:38:05.575823 PDT | Entropy             2.67957
2017-08-02 14:38:05.576178 PDT | Perplexity         14.5788
2017-08-02 14:38:05.577281 PDT | StdReturn           0
2017-08-02 14:38:05.577623 PDT | MaxReturn           0
2017-08-02 14:38:05.577955 PDT | MinReturn           0
2017-08-02 14:38:05.578308 PDT | AveragePolicyStd    0.92455
2017-08-02 14:38:05.579339 PDT | LossBefore         -0
2017-08-02 14:38:05.579632 PDT | LossAfter          -0
2017-08-02 14:38:05.579961 PDT | MeanKL              0
2017-08-02 14:38:05.580315 PDT | MaxKL               0
2017-08-02 14:38:05.581528 PDT | Time               38.6153
2017-08-02 14:38:05.581893 PDT | ItrTime            18.8339
2017-08-02 14:38:05.582282 PDT | -----------------  --------
2017-08-02 14:38:05.582619 PDT | [point_4] itr #2 | Obtaining samples...
2017-08-02 14:38:25.181829 PDT | [point_4] itr #2 | Processing samples...
2017-08-02 14:38:25.182593 PDT | [point_4] itr #2 | fitting baseline...
2017-08-02 14:38:25.229092 PDT | [point_4] itr #2 | fitted
2017-08-02 14:38:25.288347 PDT | [point_4] itr #2 | Logging diagnostics...
2017-08-02 14:38:25.288990 PDT | [point_4] itr #2 | Optimizing policy...
2017-08-02 14:38:25.289181 PDT | [point_4] itr #2 | optimizing policy
2017-08-02 14:38:25.326591 PDT | [point_4] itr #2 | Saving snapshot...
2017-08-02 14:38:25.341028 PDT | [point_4] itr #2 | Saved
2017-08-02 14:38:25.341980 PDT | -----------------  --------
2017-08-02 14:38:25.352266 PDT | TotalExecTime      19.5977
2017-08-02 14:38:25.353453 PDT | AverageReturn       0
2017-08-02 14:38:25.354285 PDT | ExplainedVariance   1
2017-08-02 14:38:25.355090 PDT | NumTrajs           20
2017-08-02 14:38:25.355880 PDT | Entropy             2.67957
2017-08-02 14:38:25.356704 PDT | Perplexity         14.5788
2017-08-02 14:38:25.357501 PDT | StdReturn           0
2017-08-02 14:38:25.358286 PDT | MaxReturn           0
2017-08-02 14:38:25.359071 PDT | MinReturn           0
2017-08-02 14:38:25.359857 PDT | AveragePolicyStd    0.92455
2017-08-02 14:38:25.360660 PDT | LossBefore         -0
2017-08-02 14:38:25.361447 PDT | LossAfter          -0
2017-08-02 14:38:25.362225 PDT | MeanKL              0
2017-08-02 14:38:25.363005 PDT | MaxKL               0
2017-08-02 14:38:25.363363 PDT | Time               58.3876
2017-08-02 14:38:25.363491 PDT | ItrTime            19.7587
2017-08-02 14:38:25.363616 PDT | -----------------  --------
2017-08-02 14:38:25.363822 PDT | [point_4] itr #3 | Obtaining samples...
2017-08-02 14:38:44.918085 PDT | [point_4] itr #3 | Processing samples...
2017-08-02 14:38:44.918478 PDT | [point_4] itr #3 | fitting baseline...
2017-08-02 14:38:44.922192 PDT | [point_4] itr #3 | fitted
2017-08-02 14:38:44.946713 PDT | [point_4] itr #3 | Logging diagnostics...
2017-08-02 14:38:44.947565 PDT | [point_4] itr #3 | Optimizing policy...
2017-08-02 14:38:44.947721 PDT | [point_4] itr #3 | optimizing policy
2017-08-02 14:38:45.002428 PDT | [point_4] itr #3 | Saving snapshot...
2017-08-02 14:38:45.019205 PDT | [point_4] itr #3 | Saved
2017-08-02 14:38:45.022003 PDT | -----------------  --------
2017-08-02 14:38:45.022164 PDT | TotalExecTime      19.5533
2017-08-02 14:38:45.022296 PDT | AverageReturn       0
2017-08-02 14:38:45.022436 PDT | ExplainedVariance   1
2017-08-02 14:38:45.022653 PDT | NumTrajs           20
2017-08-02 14:38:45.022869 PDT | Entropy             2.67957
2017-08-02 14:38:45.023078 PDT | Perplexity         14.5788
2017-08-02 14:38:45.023252 PDT | StdReturn           0
2017-08-02 14:38:45.023381 PDT | MaxReturn           0
2017-08-02 14:38:45.023506 PDT | MinReturn           0
2017-08-02 14:38:45.023631 PDT | AveragePolicyStd    0.92455
2017-08-02 14:38:45.023755 PDT | LossBefore         -0
2017-08-02 14:38:45.023879 PDT | LossAfter          -0
2017-08-02 14:38:45.024013 PDT | MeanKL              0
2017-08-02 14:38:45.024141 PDT | MaxKL               0
2017-08-02 14:38:45.024273 PDT | Time               78.0669
2017-08-02 14:38:45.024398 PDT | ItrTime            19.6568
2017-08-02 14:38:45.024522 PDT | -----------------  --------
2017-08-02 14:38:45.024727 PDT | [point_4] itr #4 | Obtaining samples...
2017-08-02 14:39:04.614186 PDT | [point_4] itr #4 | Processing samples...
2017-08-02 14:39:04.616820 PDT | [point_4] itr #4 | fitting baseline...
2017-08-02 14:39:04.683063 PDT | [point_4] itr #4 | fitted
2017-08-02 14:39:04.752329 PDT | [point_4] itr #4 | Logging diagnostics...
2017-08-02 14:39:04.752975 PDT | [point_4] itr #4 | Optimizing policy...
2017-08-02 14:39:04.753164 PDT | [point_4] itr #4 | optimizing policy
2017-08-02 14:39:04.781817 PDT | [point_4] itr #4 | Saving snapshot...
2017-08-02 14:39:04.795090 PDT | [point_4] itr #4 | Saved
2017-08-02 14:39:04.797813 PDT | -----------------  --------
2017-08-02 14:39:04.799125 PDT | TotalExecTime      19.5886
2017-08-02 14:39:04.800336 PDT | AverageReturn       0
2017-08-02 14:39:04.801600 PDT | ExplainedVariance   1
2017-08-02 14:39:04.802390 PDT | NumTrajs           20
2017-08-02 14:39:04.803312 PDT | Entropy             2.67957
2017-08-02 14:39:04.804013 PDT | Perplexity         14.5788
2017-08-02 14:39:04.804783 PDT | StdReturn           0
2017-08-02 14:39:04.805553 PDT | MaxReturn           0
2017-08-02 14:39:04.806436 PDT | MinReturn           0
2017-08-02 14:39:04.807276 PDT | AveragePolicyStd    0.92455
2017-08-02 14:39:04.808309 PDT | LossBefore         -0
2017-08-02 14:39:04.809467 PDT | LossAfter          -0
2017-08-02 14:39:04.813959 PDT | MeanKL              0
2017-08-02 14:39:04.814624 PDT | MaxKL               0
2017-08-02 14:39:04.815142 PDT | Time               97.8426
2017-08-02 14:39:04.815597 PDT | ItrTime            19.7715
2017-08-02 14:39:04.827905 PDT | -----------------  --------
2017-08-02 14:39:04.828469 PDT | [point_4] itr #5 | Obtaining samples...
2017-08-02 14:39:24.716683 PDT | [point_4] itr #5 | Processing samples...
2017-08-02 14:39:24.717712 PDT | [point_4] itr #5 | fitting baseline...
2017-08-02 14:39:24.721499 PDT | [point_4] itr #5 | fitted
2017-08-02 14:39:24.734215 PDT | [point_4] itr #5 | Logging diagnostics...
2017-08-02 14:39:24.736221 PDT | [point_4] itr #5 | Optimizing policy...
2017-08-02 14:39:24.737496 PDT | [point_4] itr #5 | optimizing policy
2017-08-02 14:39:24.787805 PDT | [point_4] itr #5 | Saving snapshot...
2017-08-02 14:39:24.811650 PDT | [point_4] itr #5 | Saved
2017-08-02 14:39:24.812762 PDT | -----------------  ---------
2017-08-02 14:39:24.813011 PDT | TotalExecTime       19.8862
2017-08-02 14:39:24.813165 PDT | AverageReturn        0
2017-08-02 14:39:24.813275 PDT | ExplainedVariance    1
2017-08-02 14:39:24.813379 PDT | NumTrajs            20
2017-08-02 14:39:24.813483 PDT | Entropy              2.67957
2017-08-02 14:39:24.813645 PDT | Perplexity          14.5788
2017-08-02 14:39:24.813857 PDT | StdReturn            0
2017-08-02 14:39:24.814050 PDT | MaxReturn            0
2017-08-02 14:39:24.814236 PDT | MinReturn            0
2017-08-02 14:39:24.814409 PDT | AveragePolicyStd     0.92455
2017-08-02 14:39:24.814616 PDT | LossBefore          -0
2017-08-02 14:39:24.814851 PDT | LossAfter           -0
2017-08-02 14:39:24.815062 PDT | MeanKL               0
2017-08-02 14:39:24.815271 PDT | MaxKL                0
2017-08-02 14:39:24.815453 PDT | Time               117.858
2017-08-02 14:39:24.815561 PDT | ItrTime             19.9835
2017-08-02 14:39:24.815665 PDT | -----------------  ---------
2017-08-02 14:39:24.815885 PDT | [point_4] itr #6 | Obtaining samples...
2017-08-02 14:39:45.186072 PDT | [point_4] itr #6 | Processing samples...
2017-08-02 14:39:45.186507 PDT | [point_4] itr #6 | fitting baseline...
2017-08-02 14:39:45.190112 PDT | [point_4] itr #6 | fitted
2017-08-02 14:39:45.201122 PDT | [point_4] itr #6 | Logging diagnostics...
2017-08-02 14:39:45.201764 PDT | [point_4] itr #6 | Optimizing policy...
2017-08-02 14:39:45.201958 PDT | [point_4] itr #6 | optimizing policy
2017-08-02 14:39:45.258249 PDT | [point_4] itr #6 | Saving snapshot...
2017-08-02 14:39:45.276879 PDT | [point_4] itr #6 | Saved
2017-08-02 14:39:45.278060 PDT | -----------------  ---------
2017-08-02 14:39:45.278366 PDT | TotalExecTime       20.3685
2017-08-02 14:39:45.278644 PDT | AverageReturn        0
2017-08-02 14:39:45.278909 PDT | ExplainedVariance    1
2017-08-02 14:39:45.279180 PDT | NumTrajs            20
2017-08-02 14:39:45.279392 PDT | Entropy              2.67957
2017-08-02 14:39:45.279604 PDT | Perplexity          14.5788
2017-08-02 14:39:45.279818 PDT | StdReturn            0
2017-08-02 14:39:45.280040 PDT | MaxReturn            0
2017-08-02 14:39:45.280315 PDT | MinReturn            0
2017-08-02 14:39:45.280498 PDT | AveragePolicyStd     0.92455
2017-08-02 14:39:45.280814 PDT | LossBefore          -0
2017-08-02 14:39:45.281033 PDT | LossAfter           -0
2017-08-02 14:39:45.281248 PDT | MeanKL               0
2017-08-02 14:39:45.281475 PDT | MaxKL                0
2017-08-02 14:39:45.281731 PDT | Time               138.324
2017-08-02 14:39:45.281919 PDT | ItrTime             20.4615
2017-08-02 14:39:45.282096 PDT | -----------------  ---------
