2017-07-26 13:23:11.784692 PDT | [point_26] Populating workers...
2017-07-26 13:23:11.785136 PDT | [point_26] Populated
2017-07-26 13:23:11.785428 PDT | [point_26] itr #0 | Obtaining samples...
2017-07-26 13:23:15.849279 PDT | [point_26] itr #0 | Processing samples...
2017-07-26 13:23:15.849878 PDT | [point_26] itr #0 | fitting baseline...
2017-07-26 13:23:15.861405 PDT | [point_26] itr #0 | fitted
2017-07-26 13:23:15.867073 PDT | [point_26] itr #0 | Logging diagnostics...
2017-07-26 13:23:15.867604 PDT | [point_26] itr #0 | Optimizing policy...
2017-07-26 13:23:15.867815 PDT | [point_26] itr #0 | optimizing policy
2017-07-26 13:23:15.909761 PDT | [point_26] itr #0 | Saving snapshot...
2017-07-26 13:23:15.916561 PDT | [point_26] itr #0 | Saved
2017-07-26 13:23:15.917580 PDT | -----------------  --------
2017-07-26 13:23:15.917790 PDT | TotalExecTime       4.06258
2017-07-26 13:23:15.917975 PDT | AverageReturn       0
2017-07-26 13:23:15.918156 PDT | ExplainedVariance   1
2017-07-26 13:23:15.918333 PDT | NumTrajs           40
2017-07-26 13:23:15.918509 PDT | Entropy             2.4367
2017-07-26 13:23:15.918687 PDT | Perplexity         11.4353
2017-07-26 13:23:15.918863 PDT | StdReturn           0
2017-07-26 13:23:15.919040 PDT | MaxReturn           0
2017-07-26 13:23:15.919216 PDT | MinReturn           0
2017-07-26 13:23:15.919391 PDT | AveragePolicyStd    0.82843
2017-07-26 13:23:15.919567 PDT | LossBefore         -0
2017-07-26 13:23:15.919743 PDT | LossAfter          -0
2017-07-26 13:23:15.919919 PDT | MeanKL              0
2017-07-26 13:23:15.920094 PDT | MaxKL               0
2017-07-26 13:23:15.920270 PDT | Time                4.13138
2017-07-26 13:23:15.920450 PDT | ItrTime             4.1314
2017-07-26 13:23:15.920628 PDT | -----------------  --------
2017-07-26 13:23:15.920976 PDT | [point_26] itr #1 | Obtaining samples...
2017-07-26 13:23:20.673074 PDT | [point_26] itr #1 | Processing samples...
2017-07-26 13:23:20.674199 PDT | [point_26] itr #1 | fitting baseline...
2017-07-26 13:23:20.681477 PDT | [point_26] itr #1 | fitted
2017-07-26 13:23:20.693169 PDT | [point_26] itr #1 | Logging diagnostics...
2017-07-26 13:23:20.694189 PDT | [point_26] itr #1 | Optimizing policy...
2017-07-26 13:23:20.694585 PDT | [point_26] itr #1 | optimizing policy
2017-07-26 13:23:20.739122 PDT | [point_26] itr #1 | Saving snapshot...
2017-07-26 13:23:20.749135 PDT | [point_26] itr #1 | Saved
2017-07-26 13:23:20.750766 PDT | -----------------  ------------
2017-07-26 13:23:20.751087 PDT | TotalExecTime        4.75061
2017-07-26 13:23:20.751375 PDT | AverageReturn       22.5
2017-07-26 13:23:20.751673 PDT | ExplainedVariance    0.55273
2017-07-26 13:23:20.751949 PDT | NumTrajs            40
2017-07-26 13:23:20.752223 PDT | Entropy              2.4367
2017-07-26 13:23:20.752496 PDT | Perplexity          11.4353
2017-07-26 13:23:20.752785 PDT | StdReturn          140.512
2017-07-26 13:23:20.753070 PDT | MaxReturn          900
2017-07-26 13:23:20.753347 PDT | MinReturn            0
2017-07-26 13:23:20.753608 PDT | AveragePolicyStd     0.82843
2017-07-26 13:23:20.753868 PDT | LossBefore           0.0162736
2017-07-26 13:23:20.754128 PDT | LossAfter            0.00557029
2017-07-26 13:23:20.754387 PDT | MeanKL               0.00819129
2017-07-26 13:23:20.754647 PDT | MaxKL                0.190015
2017-07-26 13:23:20.754907 PDT | Time                 8.96407
2017-07-26 13:23:20.755167 PDT | ItrTime              4.82851
2017-07-26 13:23:20.755426 PDT | -----------------  ------------
2017-07-26 13:23:20.755818 PDT | [point_26] itr #2 | Obtaining samples...
2017-07-26 13:23:25.264490 PDT | [point_26] itr #2 | Processing samples...
2017-07-26 13:23:25.265077 PDT | [point_26] itr #2 | fitting baseline...
2017-07-26 13:23:25.267333 PDT | [point_26] itr #2 | fitted
2017-07-26 13:23:25.273069 PDT | [point_26] itr #2 | Logging diagnostics...
2017-07-26 13:23:25.273621 PDT | [point_26] itr #2 | Optimizing policy...
2017-07-26 13:23:25.273841 PDT | [point_26] itr #2 | optimizing policy
2017-07-26 13:23:25.286776 PDT | [point_26] itr #2 | Saving snapshot...
2017-07-26 13:23:25.295282 PDT | [point_26] itr #2 | Saved
2017-07-26 13:23:25.296327 PDT | -----------------  -------------
2017-07-26 13:23:25.296620 PDT | TotalExecTime         4.50741
2017-07-26 13:23:25.296904 PDT | AverageReturn        95
2017-07-26 13:23:25.297177 PDT | ExplainedVariance     0.506561
2017-07-26 13:23:25.297442 PDT | NumTrajs             40
2017-07-26 13:23:25.297700 PDT | Entropy               2.44484
2017-07-26 13:23:25.297972 PDT | Perplexity           11.5287
2017-07-26 13:23:25.298234 PDT | StdReturn           428.923
2017-07-26 13:23:25.298489 PDT | MaxReturn          2400
2017-07-26 13:23:25.298743 PDT | MinReturn             0
2017-07-26 13:23:25.298996 PDT | AveragePolicyStd      0.830706
2017-07-26 13:23:25.299249 PDT | LossBefore           -0.00746842
2017-07-26 13:23:25.299515 PDT | LossAfter            -0.0310551
2017-07-26 13:23:25.299769 PDT | MeanKL                0.033245
2017-07-26 13:23:25.300022 PDT | MaxKL                 0.476106
2017-07-26 13:23:25.300274 PDT | Time                 13.5101
2017-07-26 13:23:25.300540 PDT | ItrTime               4.53972
2017-07-26 13:23:25.300805 PDT | -----------------  -------------
2017-07-26 13:23:25.301156 PDT | [point_26] itr #3 | Obtaining samples...
2017-07-26 13:23:28.997597 PDT | [point_26] itr #3 | Processing samples...
2017-07-26 13:23:28.998132 PDT | [point_26] itr #3 | fitting baseline...
2017-07-26 13:23:29.000133 PDT | [point_26] itr #3 | fitted
2017-07-26 13:23:29.005554 PDT | [point_26] itr #3 | Logging diagnostics...
2017-07-26 13:23:29.006068 PDT | [point_26] itr #3 | Optimizing policy...
2017-07-26 13:23:29.006292 PDT | [point_26] itr #3 | optimizing policy
2017-07-26 13:23:29.017952 PDT | [point_26] itr #3 | Saving snapshot...
2017-07-26 13:23:29.024174 PDT | [point_26] itr #3 | Saved
2017-07-26 13:23:29.028093 PDT | -----------------  ------------
2017-07-26 13:23:29.028383 PDT | TotalExecTime         3.69524
2017-07-26 13:23:29.028636 PDT | AverageReturn       860
2017-07-26 13:23:29.028888 PDT | ExplainedVariance     0.495132
2017-07-26 13:23:29.030151 PDT | NumTrajs             40
2017-07-26 13:23:29.030431 PDT | Entropy               2.44111
2017-07-26 13:23:29.030682 PDT | Perplexity           11.4857
2017-07-26 13:23:29.030926 PDT | StdReturn          1211.16
2017-07-26 13:23:29.031170 PDT | MaxReturn          4000
2017-07-26 13:23:29.031410 PDT | MinReturn             0
2017-07-26 13:23:29.031650 PDT | AveragePolicyStd      0.829837
2017-07-26 13:23:29.031890 PDT | LossBefore           -0.0201009
2017-07-26 13:23:29.032129 PDT | LossAfter            -0.0573347
2017-07-26 13:23:29.032368 PDT | MeanKL                0.055897
2017-07-26 13:23:29.032608 PDT | MaxKL                 0.329709
2017-07-26 13:23:29.032855 PDT | Time                 17.2419
2017-07-26 13:23:29.033096 PDT | ItrTime               3.7262
2017-07-26 13:23:29.033336 PDT | -----------------  ------------
2017-07-26 13:23:29.033669 PDT | [point_26] itr #4 | Obtaining samples...
2017-07-26 13:23:32.511614 PDT | [point_26] itr #4 | Processing samples...
2017-07-26 13:23:32.512098 PDT | [point_26] itr #4 | fitting baseline...
2017-07-26 13:23:32.525502 PDT | [point_26] itr #4 | fitted
2017-07-26 13:23:32.543837 PDT | [point_26] itr #4 | Logging diagnostics...
2017-07-26 13:23:32.544794 PDT | [point_26] itr #4 | Optimizing policy...
2017-07-26 13:23:32.545191 PDT | [point_26] itr #4 | optimizing policy
2017-07-26 13:23:32.559568 PDT | [point_26] itr #4 | Saving snapshot...
2017-07-26 13:23:32.570237 PDT | [point_26] itr #4 | Saved
2017-07-26 13:23:32.571969 PDT | -----------------  -------------
2017-07-26 13:23:32.572298 PDT | TotalExecTime         3.47702
2017-07-26 13:23:32.572589 PDT | AverageReturn      2997.5
2017-07-26 13:23:32.572909 PDT | ExplainedVariance     0.592947
2017-07-26 13:23:32.573198 PDT | NumTrajs             40
2017-07-26 13:23:32.573479 PDT | Entropy               2.43106
2017-07-26 13:23:32.573759 PDT | Perplexity           11.3709
2017-07-26 13:23:32.574064 PDT | StdReturn          1897.83
2017-07-26 13:23:32.574346 PDT | MaxReturn          5800
2017-07-26 13:23:32.574634 PDT | MinReturn             0
2017-07-26 13:23:32.574930 PDT | AveragePolicyStd      0.826055
2017-07-26 13:23:32.575258 PDT | LossBefore           -0.00898438
2017-07-26 13:23:32.575540 PDT | LossAfter            -0.0640761
2017-07-26 13:23:32.575820 PDT | MeanKL                0.0654736
2017-07-26 13:23:32.576123 PDT | MaxKL                 0.521386
2017-07-26 13:23:32.576405 PDT | Time                 20.7852
2017-07-26 13:23:32.576685 PDT | ItrTime               3.53692
2017-07-26 13:23:32.576976 PDT | -----------------  -------------
2017-07-26 13:23:32.577432 PDT | [point_26] itr #5 | Obtaining samples...
2017-07-26 13:23:37.036439 PDT | [point_26] itr #5 | Processing samples...
2017-07-26 13:23:37.037024 PDT | [point_26] itr #5 | fitting baseline...
2017-07-26 13:23:37.039154 PDT | [point_26] itr #5 | fitted
2017-07-26 13:23:37.044767 PDT | [point_26] itr #5 | Logging diagnostics...
2017-07-26 13:23:37.045312 PDT | [point_26] itr #5 | Optimizing policy...
2017-07-26 13:23:37.045529 PDT | [point_26] itr #5 | optimizing policy
2017-07-26 13:23:37.058368 PDT | [point_26] itr #5 | Saving snapshot...
2017-07-26 13:23:37.064513 PDT | [point_26] itr #5 | Saved
2017-07-26 13:23:37.065570 PDT | -----------------  ------------
2017-07-26 13:23:37.065791 PDT | TotalExecTime         4.45705
2017-07-26 13:23:37.065986 PDT | AverageReturn      4735
2017-07-26 13:23:37.066174 PDT | ExplainedVariance     0.754346
2017-07-26 13:23:37.066360 PDT | NumTrajs             40
2017-07-26 13:23:37.066559 PDT | Entropy               2.42656
2017-07-26 13:23:37.066745 PDT | Perplexity           11.3199
2017-07-26 13:23:37.066929 PDT | StdReturn           962.172
2017-07-26 13:23:37.067114 PDT | MaxReturn          7200
2017-07-26 13:23:37.067298 PDT | MinReturn          3200
2017-07-26 13:23:37.067482 PDT | AveragePolicyStd      0.824733
2017-07-26 13:23:37.067679 PDT | LossBefore           -0.0590695
2017-07-26 13:23:37.067862 PDT | LossAfter            -0.137614
2017-07-26 13:23:37.068126 PDT | MeanKL                0.447104
2017-07-26 13:23:37.068317 PDT | MaxKL                 1.12956
2017-07-26 13:23:37.068580 PDT | Time                 25.2793
2017-07-26 13:23:37.068865 PDT | ItrTime               4.48734
2017-07-26 13:23:37.070333 PDT | -----------------  ------------
2017-07-26 13:23:37.070750 PDT | [point_26] itr #6 | Obtaining samples...
2017-07-26 13:23:41.333520 PDT | [point_26] itr #6 | Processing samples...
2017-07-26 13:23:41.334065 PDT | [point_26] itr #6 | fitting baseline...
2017-07-26 13:23:41.336150 PDT | [point_26] itr #6 | fitted
2017-07-26 13:23:41.341732 PDT | [point_26] itr #6 | Logging diagnostics...
2017-07-26 13:23:41.342270 PDT | [point_26] itr #6 | Optimizing policy...
2017-07-26 13:23:41.342485 PDT | [point_26] itr #6 | optimizing policy
2017-07-26 13:23:41.354712 PDT | [point_26] itr #6 | Saving snapshot...
2017-07-26 13:23:41.364868 PDT | [point_26] itr #6 | Saved
2017-07-26 13:23:41.365996 PDT | -----------------  -------------
2017-07-26 13:23:41.366291 PDT | TotalExecTime         4.26181
2017-07-26 13:23:41.366554 PDT | AverageReturn      1520
2017-07-26 13:23:41.366810 PDT | ExplainedVariance     0.191052
2017-07-26 13:23:41.367063 PDT | NumTrajs             40
2017-07-26 13:23:41.367329 PDT | Entropy               2.39703
2017-07-26 13:23:41.367584 PDT | Perplexity           10.9905
2017-07-26 13:23:41.367836 PDT | StdReturn          1078.47
2017-07-26 13:23:41.368088 PDT | MaxReturn          3800
2017-07-26 13:23:41.368340 PDT | MinReturn             0
2017-07-26 13:23:41.368612 PDT | AveragePolicyStd      0.812187
2017-07-26 13:23:41.368876 PDT | LossBefore            0.00225579
2017-07-26 13:23:41.369132 PDT | LossAfter            -0.124522
2017-07-26 13:23:41.369386 PDT | MeanKL                0.68023
2017-07-26 13:23:41.369660 PDT | MaxKL                 1.96691
2017-07-26 13:23:41.369912 PDT | Time                 29.5798
2017-07-26 13:23:41.370164 PDT | ItrTime               4.29443
2017-07-26 13:23:41.370414 PDT | -----------------  -------------
