2017-08-02 14:45:12.072798 PDT | [point_12] Populating workers...
2017-08-02 14:45:12.073179 PDT | [point_12] Populated
2017-08-02 14:45:12.073430 PDT | [point_12] itr #0 | Obtaining samples...
2017-08-02 14:45:31.363300 PDT | [point_12] itr #0 | Processing samples...
2017-08-02 14:45:31.363964 PDT | [point_12] itr #0 | fitting baseline...
2017-08-02 14:45:31.388568 PDT | [point_12] itr #0 | fitted
2017-08-02 14:45:31.404288 PDT | [point_12] itr #0 | Logging diagnostics...
2017-08-02 14:45:31.405080 PDT | [point_12] itr #0 | Optimizing policy...
2017-08-02 14:45:31.405363 PDT | [point_12] itr #0 | optimizing policy
2017-08-02 14:45:31.480685 PDT | [point_12] itr #0 | Saving snapshot...
2017-08-02 14:45:31.484823 PDT | [point_12] itr #0 | Saved
2017-08-02 14:45:31.485674 PDT | -----------------  --------
2017-08-02 14:45:31.485810 PDT | TotalExecTime      19.2884
2017-08-02 14:45:31.485940 PDT | AverageReturn       0
2017-08-02 14:45:31.486064 PDT | ExplainedVariance   1
2017-08-02 14:45:31.486188 PDT | NumTrajs           20
2017-08-02 14:45:31.486354 PDT | Entropy             2.67957
2017-08-02 14:45:31.486477 PDT | Perplexity         14.5788
2017-08-02 14:45:31.486597 PDT | StdReturn           0
2017-08-02 14:45:31.486717 PDT | MaxReturn           0
2017-08-02 14:45:31.486836 PDT | MinReturn           0
2017-08-02 14:45:31.486970 PDT | AveragePolicyStd    0.92455
2017-08-02 14:45:31.487091 PDT | LossBefore         -0
2017-08-02 14:45:31.487246 PDT | LossAfter          -0
2017-08-02 14:45:31.487454 PDT | MeanKL              0
2017-08-02 14:45:31.487634 PDT | MaxKL               0
2017-08-02 14:45:31.487806 PDT | Time               19.4116
2017-08-02 14:45:31.487928 PDT | ItrTime            19.4116
2017-08-02 14:45:31.488125 PDT | -----------------  --------
2017-08-02 14:45:31.488354 PDT | [point_12] itr #1 | Obtaining samples...
2017-08-02 14:45:51.513466 PDT | [point_12] itr #1 | Processing samples...
2017-08-02 14:45:51.514108 PDT | [point_12] itr #1 | fitting baseline...
2017-08-02 14:45:51.518033 PDT | [point_12] itr #1 | fitted
2017-08-02 14:45:51.527440 PDT | [point_12] itr #1 | Logging diagnostics...
2017-08-02 14:45:51.528204 PDT | [point_12] itr #1 | Optimizing policy...
2017-08-02 14:45:51.528541 PDT | [point_12] itr #1 | optimizing policy
2017-08-02 14:45:51.585721 PDT | [point_12] itr #1 | Saving snapshot...
2017-08-02 14:45:51.593365 PDT | [point_12] itr #1 | Saved
2017-08-02 14:45:51.595216 PDT | -----------------  --------
2017-08-02 14:45:51.595575 PDT | TotalExecTime      20.0241
2017-08-02 14:45:51.596597 PDT | AverageReturn       0
2017-08-02 14:45:51.597456 PDT | ExplainedVariance   1
2017-08-02 14:45:51.600349 PDT | NumTrajs           20
2017-08-02 14:45:51.601347 PDT | Entropy             2.67957
2017-08-02 14:45:51.601733 PDT | Perplexity         14.5788
2017-08-02 14:45:51.602068 PDT | StdReturn           0
2017-08-02 14:45:51.602816 PDT | MaxReturn           0
2017-08-02 14:45:51.602948 PDT | MinReturn           0
2017-08-02 14:45:51.603079 PDT | AveragePolicyStd    0.92455
2017-08-02 14:45:51.603204 PDT | LossBefore         -0
2017-08-02 14:45:51.603328 PDT | LossAfter          -0
2017-08-02 14:45:51.603490 PDT | MeanKL              0
2017-08-02 14:45:51.603704 PDT | MaxKL               0
2017-08-02 14:45:51.603921 PDT | Time               39.5204
2017-08-02 14:45:51.604149 PDT | ItrTime            20.1055
2017-08-02 14:45:51.604346 PDT | -----------------  --------
2017-08-02 14:45:51.604643 PDT | [point_12] itr #2 | Obtaining samples...
2017-08-02 14:46:11.568884 PDT | [point_12] itr #2 | Processing samples...
2017-08-02 14:46:11.569430 PDT | [point_12] itr #2 | fitting baseline...
2017-08-02 14:46:11.572996 PDT | [point_12] itr #2 | fitted
2017-08-02 14:46:11.583766 PDT | [point_12] itr #2 | Logging diagnostics...
2017-08-02 14:46:11.584486 PDT | [point_12] itr #2 | Optimizing policy...
2017-08-02 14:46:11.584730 PDT | [point_12] itr #2 | optimizing policy
2017-08-02 14:46:11.603184 PDT | [point_12] itr #2 | Saving snapshot...
2017-08-02 14:46:11.608017 PDT | [point_12] itr #2 | Saved
2017-08-02 14:46:11.610341 PDT | -----------------  --------
2017-08-02 14:46:11.610705 PDT | TotalExecTime      19.9625
2017-08-02 14:46:11.611843 PDT | AverageReturn       0
2017-08-02 14:46:11.612658 PDT | ExplainedVariance   1
2017-08-02 14:46:11.613838 PDT | NumTrajs           20
2017-08-02 14:46:11.613970 PDT | Entropy             2.67957
2017-08-02 14:46:11.614107 PDT | Perplexity         14.5788
2017-08-02 14:46:11.614232 PDT | StdReturn           0
2017-08-02 14:46:11.614384 PDT | MaxReturn           0
2017-08-02 14:46:11.614608 PDT | MinReturn           0
2017-08-02 14:46:11.615531 PDT | AveragePolicyStd    0.92455
2017-08-02 14:46:11.616702 PDT | LossBefore         -0
2017-08-02 14:46:11.617659 PDT | LossAfter          -0
2017-08-02 14:46:11.617846 PDT | MeanKL              0
2017-08-02 14:46:11.617973 PDT | MaxKL               0
2017-08-02 14:46:11.618159 PDT | Time               59.5356
2017-08-02 14:46:11.618374 PDT | ItrTime            20.0044
2017-08-02 14:46:11.618920 PDT | -----------------  --------
2017-08-02 14:46:11.619259 PDT | [point_12] itr #3 | Obtaining samples...
2017-08-02 14:46:30.345257 PDT | [point_12] itr #3 | Processing samples...
2017-08-02 14:46:30.345679 PDT | [point_12] itr #3 | fitting baseline...
2017-08-02 14:46:30.374193 PDT | [point_12] itr #3 | fitted
2017-08-02 14:46:30.418523 PDT | [point_12] itr #3 | Logging diagnostics...
2017-08-02 14:46:30.421604 PDT | [point_12] itr #3 | Optimizing policy...
2017-08-02 14:46:30.423055 PDT | [point_12] itr #3 | optimizing policy
2017-08-02 14:46:30.501130 PDT | [point_12] itr #3 | Saving snapshot...
2017-08-02 14:46:30.510168 PDT | [point_12] itr #3 | Saved
2017-08-02 14:46:30.511968 PDT | -----------------  --------
2017-08-02 14:46:30.512321 PDT | TotalExecTime      18.723
2017-08-02 14:46:30.512940 PDT | AverageReturn       0
2017-08-02 14:46:30.513272 PDT | ExplainedVariance   1
2017-08-02 14:46:30.513610 PDT | NumTrajs           20
2017-08-02 14:46:30.514269 PDT | Entropy             2.67957
2017-08-02 14:46:30.514606 PDT | Perplexity         14.5788
2017-08-02 14:46:30.514927 PDT | StdReturn           0
2017-08-02 14:46:30.515316 PDT | MaxReturn           0
2017-08-02 14:46:30.515830 PDT | MinReturn           0
2017-08-02 14:46:30.516156 PDT | AveragePolicyStd    0.92455
2017-08-02 14:46:30.516859 PDT | LossBefore         -0
2017-08-02 14:46:30.517193 PDT | LossAfter          -0
2017-08-02 14:46:30.517488 PDT | MeanKL              0
2017-08-02 14:46:30.517765 PDT | MaxKL               0
2017-08-02 14:46:30.518239 PDT | Time               78.4377
2017-08-02 14:46:30.518463 PDT | ItrTime            18.8919
2017-08-02 14:46:30.518682 PDT | -----------------  --------
2017-08-02 14:46:30.519006 PDT | [point_12] itr #4 | Obtaining samples...
2017-08-02 14:46:49.593363 PDT | [point_12] itr #4 | Processing samples...
2017-08-02 14:46:49.593843 PDT | [point_12] itr #4 | fitting baseline...
2017-08-02 14:46:49.597918 PDT | [point_12] itr #4 | fitted
2017-08-02 14:46:49.608049 PDT | [point_12] itr #4 | Logging diagnostics...
2017-08-02 14:46:49.608574 PDT | [point_12] itr #4 | Optimizing policy...
2017-08-02 14:46:49.608714 PDT | [point_12] itr #4 | optimizing policy
2017-08-02 14:46:49.653483 PDT | [point_12] itr #4 | Saving snapshot...
2017-08-02 14:46:49.670024 PDT | [point_12] itr #4 | Saved
2017-08-02 14:46:49.672274 PDT | -----------------  --------
2017-08-02 14:46:49.673453 PDT | TotalExecTime      19.0719
2017-08-02 14:46:49.674409 PDT | AverageReturn       0
2017-08-02 14:46:49.674730 PDT | ExplainedVariance   1
2017-08-02 14:46:49.675021 PDT | NumTrajs           20
2017-08-02 14:46:49.675333 PDT | Entropy             2.67957
2017-08-02 14:46:49.676439 PDT | Perplexity         14.5788
2017-08-02 14:46:49.676752 PDT | StdReturn           0
2017-08-02 14:46:49.677791 PDT | MaxReturn           0
2017-08-02 14:46:49.678745 PDT | MinReturn           0
2017-08-02 14:46:49.679284 PDT | AveragePolicyStd    0.92455
2017-08-02 14:46:49.681042 PDT | LossBefore         -0
2017-08-02 14:46:49.681535 PDT | LossAfter          -0
2017-08-02 14:46:49.683184 PDT | MeanKL              0
2017-08-02 14:46:49.683520 PDT | MaxKL               0
2017-08-02 14:46:49.685252 PDT | Time               97.597
2017-08-02 14:46:49.685496 PDT | ItrTime            19.1515
2017-08-02 14:46:49.685706 PDT | -----------------  --------
2017-08-02 14:46:49.686693 PDT | [point_12] itr #5 | Obtaining samples...
2017-08-02 14:47:08.765405 PDT | [point_12] itr #5 | Processing samples...
2017-08-02 14:47:08.765934 PDT | [point_12] itr #5 | fitting baseline...
2017-08-02 14:47:08.778547 PDT | [point_12] itr #5 | fitted
2017-08-02 14:47:08.803938 PDT | [point_12] itr #5 | Logging diagnostics...
2017-08-02 14:47:08.804607 PDT | [point_12] itr #5 | Optimizing policy...
2017-08-02 14:47:08.804907 PDT | [point_12] itr #5 | optimizing policy
2017-08-02 14:47:08.825360 PDT | [point_12] itr #5 | Saving snapshot...
2017-08-02 14:47:08.844233 PDT | [point_12] itr #5 | Saved
2017-08-02 14:47:08.846728 PDT | -----------------  ---------
2017-08-02 14:47:08.846967 PDT | TotalExecTime       19.0776
2017-08-02 14:47:08.851942 PDT | AverageReturn        0
2017-08-02 14:47:08.853010 PDT | ExplainedVariance    1
2017-08-02 14:47:08.853350 PDT | NumTrajs            20
2017-08-02 14:47:08.853648 PDT | Entropy              2.67957
2017-08-02 14:47:08.853949 PDT | Perplexity          14.5788
2017-08-02 14:47:08.854235 PDT | StdReturn            0
2017-08-02 14:47:08.854619 PDT | MaxReturn            0
2017-08-02 14:47:08.854946 PDT | MinReturn            0
2017-08-02 14:47:08.855249 PDT | AveragePolicyStd     0.92455
2017-08-02 14:47:08.855553 PDT | LossBefore          -0
2017-08-02 14:47:08.855831 PDT | LossAfter           -0
2017-08-02 14:47:08.863632 PDT | MeanKL               0
2017-08-02 14:47:08.865743 PDT | MaxKL                0
2017-08-02 14:47:08.866791 PDT | Time               116.771
2017-08-02 14:47:08.867852 PDT | ItrTime             19.1578
2017-08-02 14:47:08.868693 PDT | -----------------  ---------
2017-08-02 14:47:08.871133 PDT | [point_12] itr #6 | Obtaining samples...
2017-08-02 14:47:28.656510 PDT | [point_12] itr #6 | Processing samples...
2017-08-02 14:47:28.657076 PDT | [point_12] itr #6 | fitting baseline...
2017-08-02 14:47:28.683485 PDT | [point_12] itr #6 | fitted
2017-08-02 14:47:28.721677 PDT | [point_12] itr #6 | Logging diagnostics...
2017-08-02 14:47:28.722330 PDT | [point_12] itr #6 | Optimizing policy...
2017-08-02 14:47:28.722522 PDT | [point_12] itr #6 | optimizing policy
2017-08-02 14:47:28.751208 PDT | [point_12] itr #6 | Saving snapshot...
2017-08-02 14:47:28.758751 PDT | [point_12] itr #6 | Saved
2017-08-02 14:47:28.759719 PDT | -----------------  ---------
2017-08-02 14:47:28.759914 PDT | TotalExecTime       19.781
2017-08-02 14:47:28.768191 PDT | AverageReturn        0
2017-08-02 14:47:28.768363 PDT | ExplainedVariance    1
2017-08-02 14:47:28.768529 PDT | NumTrajs            20
2017-08-02 14:47:28.768693 PDT | Entropy              2.67957
2017-08-02 14:47:28.768856 PDT | Perplexity          14.5788
2017-08-02 14:47:28.769018 PDT | StdReturn            0
2017-08-02 14:47:28.769181 PDT | MaxReturn            0
2017-08-02 14:47:28.769343 PDT | MinReturn            0
2017-08-02 14:47:28.769505 PDT | AveragePolicyStd     0.92455
2017-08-02 14:47:28.769667 PDT | LossBefore          -0
2017-08-02 14:47:28.769829 PDT | LossAfter           -0
2017-08-02 14:47:28.769990 PDT | MeanKL               0
2017-08-02 14:47:28.770152 PDT | MaxKL                0
2017-08-02 14:47:28.770313 PDT | Time               136.686
2017-08-02 14:47:28.770475 PDT | ItrTime             19.8879
2017-08-02 14:47:28.770637 PDT | -----------------  ---------
