2017-08-16 20:42:58.082007 PDT | [point_1] Populating workers...
2017-08-16 20:42:58.082283 PDT | [point_1] Populated
2017-08-16 20:42:58.082430 PDT | [point_1] itr #0 | Obtaining samples...
2017-08-16 20:46:06.199334 PDT | [point_1] itr #0 | Processing samples...
2017-08-16 20:46:06.204101 PDT | [point_1] itr #0 | fitting baseline...
2017-08-16 20:46:06.253734 PDT | [point_1] itr #0 | fitted
2017-08-16 20:46:06.314190 PDT | [point_1] itr #0 | Logging diagnostics...
2017-08-16 20:46:06.317214 PDT | [point_1] itr #0 | Optimizing policy...
2017-08-16 20:46:06.317617 PDT | [point_1] itr #0 | optimizing policy
2017-08-16 20:46:06.406761 PDT | [point_1] itr #0 | Saving snapshot...
2017-08-16 20:46:06.411348 PDT | [point_1] itr #0 | Saved
2017-08-16 20:46:06.412684 PDT | [point_1] itr #0 | Saving visualization of paths
2017-08-16 20:46:06.841743 PDT | -----------------  ----------
2017-08-16 20:46:06.841949 PDT | AverageReturn        0
2017-08-16 20:46:06.842051 PDT | ExplainedVariance    1
2017-08-16 20:46:06.842214 PDT | NumTrajs           334
2017-08-16 20:46:06.842404 PDT | Entropy              2.81313
2017-08-16 20:46:06.842600 PDT | Perplexity          16.662
2017-08-16 20:46:06.842768 PDT | StdReturn            0
2017-08-16 20:46:06.842936 PDT | MaxReturn            0
2017-08-16 20:46:06.843043 PDT | MinReturn            0
2017-08-16 20:46:06.843138 PDT | AveragePolicyStd     0.987707
2017-08-16 20:46:06.843301 PDT | LossBefore          -0
2017-08-16 20:46:06.843481 PDT | LossAfter           -0
2017-08-16 20:46:06.843650 PDT | MeanKL               0
2017-08-16 20:46:06.843811 PDT | MaxKL                0
2017-08-16 20:46:06.843991 PDT | Time               188.33
2017-08-16 20:46:06.844116 PDT | ItrTime            188.33
2017-08-16 20:46:06.844211 PDT | -----------------  ----------
2017-08-16 20:46:06.844414 PDT | [point_1] itr #1 | Obtaining samples...
2017-08-16 20:49:01.563116 PDT | [point_1] itr #1 | Processing samples...
2017-08-16 20:49:01.569711 PDT | [point_1] itr #1 | fitting baseline...
2017-08-16 20:49:01.598035 PDT | [point_1] itr #1 | fitted
2017-08-16 20:49:01.658833 PDT | [point_1] itr #1 | Logging diagnostics...
2017-08-16 20:49:01.662803 PDT | [point_1] itr #1 | Optimizing policy...
2017-08-16 20:49:01.663152 PDT | [point_1] itr #1 | optimizing policy
2017-08-16 20:49:01.732062 PDT | [point_1] itr #1 | Saving snapshot...
2017-08-16 20:49:01.737359 PDT | [point_1] itr #1 | Saved
2017-08-16 20:49:01.737634 PDT | [point_1] itr #1 | Saving visualization of paths
2017-08-16 20:49:02.126520 PDT | -----------------  ----------
2017-08-16 20:49:02.126721 PDT | AverageReturn        0
2017-08-16 20:49:02.126828 PDT | ExplainedVariance    1
2017-08-16 20:49:02.126925 PDT | NumTrajs           334
2017-08-16 20:49:02.127021 PDT | Entropy              2.81313
2017-08-16 20:49:02.127116 PDT | Perplexity          16.662
2017-08-16 20:49:02.127237 PDT | StdReturn            0
2017-08-16 20:49:02.127454 PDT | MaxReturn            0
2017-08-16 20:49:02.127664 PDT | MinReturn            0
2017-08-16 20:49:02.127876 PDT | AveragePolicyStd     0.987707
2017-08-16 20:49:02.128063 PDT | LossBefore          -0
2017-08-16 20:49:02.128163 PDT | LossAfter           -0
2017-08-16 20:49:02.128260 PDT | MeanKL               0
2017-08-16 20:49:02.128355 PDT | MaxKL                0
2017-08-16 20:49:02.128449 PDT | Time               363.655
2017-08-16 20:49:02.128542 PDT | ItrTime            174.893
2017-08-16 20:49:02.128634 PDT | -----------------  ----------
2017-08-16 20:49:02.128797 PDT | [point_1] itr #2 | Obtaining samples...
2017-08-16 20:51:57.379819 PDT | [point_1] itr #2 | Processing samples...
2017-08-16 20:51:57.384993 PDT | [point_1] itr #2 | fitting baseline...
2017-08-16 20:51:57.421015 PDT | [point_1] itr #2 | fitted
2017-08-16 20:51:57.505904 PDT | [point_1] itr #2 | Logging diagnostics...
2017-08-16 20:51:57.509382 PDT | [point_1] itr #2 | Optimizing policy...
2017-08-16 20:51:57.509657 PDT | [point_1] itr #2 | optimizing policy
2017-08-16 20:51:57.558979 PDT | [point_1] itr #2 | Saving snapshot...
2017-08-16 20:51:57.564458 PDT | [point_1] itr #2 | Saved
2017-08-16 20:51:57.564674 PDT | [point_1] itr #2 | Saving visualization of paths
2017-08-16 20:51:58.061936 PDT | -----------------  ----------
2017-08-16 20:51:58.062247 PDT | AverageReturn        0
2017-08-16 20:51:58.062474 PDT | ExplainedVariance    1
2017-08-16 20:51:58.062699 PDT | NumTrajs           334
2017-08-16 20:51:58.062917 PDT | Entropy              2.81313
2017-08-16 20:51:58.063139 PDT | Perplexity          16.662
2017-08-16 20:51:58.063361 PDT | StdReturn            0
2017-08-16 20:51:58.063578 PDT | MaxReturn            0
2017-08-16 20:51:58.063800 PDT | MinReturn            0
2017-08-16 20:51:58.064020 PDT | AveragePolicyStd     0.987707
2017-08-16 20:51:58.064220 PDT | LossBefore          -0
2017-08-16 20:51:58.064424 PDT | LossAfter           -0
2017-08-16 20:51:58.064557 PDT | MeanKL               0
2017-08-16 20:51:58.064671 PDT | MaxKL                0
2017-08-16 20:51:58.064777 PDT | Time               539.482
2017-08-16 20:51:58.064874 PDT | ItrTime            175.436
2017-08-16 20:51:58.064969 PDT | -----------------  ----------
2017-08-16 20:51:58.065144 PDT | [point_1] itr #3 | Obtaining samples...
2017-08-16 20:54:55.368344 PDT | [point_1] itr #3 | Processing samples...
2017-08-16 20:54:55.373155 PDT | [point_1] itr #3 | fitting baseline...
2017-08-16 20:54:55.467326 PDT | [point_1] itr #3 | fitted
2017-08-16 20:54:55.535003 PDT | [point_1] itr #3 | Logging diagnostics...
2017-08-16 20:54:55.538652 PDT | [point_1] itr #3 | Optimizing policy...
2017-08-16 20:54:55.538901 PDT | [point_1] itr #3 | optimizing policy
2017-08-16 20:54:55.588605 PDT | [point_1] itr #3 | Saving snapshot...
2017-08-16 20:54:55.592579 PDT | [point_1] itr #3 | Saved
2017-08-16 20:54:55.592766 PDT | [point_1] itr #3 | Saving visualization of paths
2017-08-16 20:54:56.046791 PDT | -----------------  ----------
2017-08-16 20:54:56.047095 PDT | AverageReturn        0
2017-08-16 20:54:56.047215 PDT | ExplainedVariance    1
2017-08-16 20:54:56.047318 PDT | NumTrajs           334
2017-08-16 20:54:56.047418 PDT | Entropy              2.81313
2017-08-16 20:54:56.047516 PDT | Perplexity          16.662
2017-08-16 20:54:56.047615 PDT | StdReturn            0
2017-08-16 20:54:56.047796 PDT | MaxReturn            0
2017-08-16 20:54:56.048025 PDT | MinReturn            0
2017-08-16 20:54:56.048243 PDT | AveragePolicyStd     0.987707
2017-08-16 20:54:56.048461 PDT | LossBefore          -0
2017-08-16 20:54:56.048572 PDT | LossAfter           -0
2017-08-16 20:54:56.048681 PDT | MeanKL               0
2017-08-16 20:54:56.048899 PDT | MaxKL                0
2017-08-16 20:54:56.049115 PDT | Time               717.51
2017-08-16 20:54:56.049332 PDT | ItrTime            177.528
2017-08-16 20:54:56.049552 PDT | -----------------  ----------
2017-08-16 20:54:56.049868 PDT | [point_1] itr #4 | Obtaining samples...
2017-08-16 20:57:52.740767 PDT | [point_1] itr #4 | Processing samples...
2017-08-16 20:57:52.745044 PDT | [point_1] itr #4 | fitting baseline...
2017-08-16 20:57:52.781448 PDT | [point_1] itr #4 | fitted
2017-08-16 20:57:52.850780 PDT | [point_1] itr #4 | Logging diagnostics...
2017-08-16 20:57:52.855572 PDT | [point_1] itr #4 | Optimizing policy...
2017-08-16 20:57:52.855934 PDT | [point_1] itr #4 | optimizing policy
2017-08-16 20:57:52.910183 PDT | [point_1] itr #4 | Saving snapshot...
2017-08-16 20:57:52.915204 PDT | [point_1] itr #4 | Saved
2017-08-16 20:57:52.915432 PDT | [point_1] itr #4 | Saving visualization of paths
2017-08-16 20:57:53.359581 PDT | -----------------  ----------
2017-08-16 20:57:53.359871 PDT | AverageReturn        0
2017-08-16 20:57:53.360088 PDT | ExplainedVariance    1
2017-08-16 20:57:53.360308 PDT | NumTrajs           334
2017-08-16 20:57:53.360526 PDT | Entropy              2.81313
2017-08-16 20:57:53.360743 PDT | Perplexity          16.662
2017-08-16 20:57:53.360938 PDT | StdReturn            0
2017-08-16 20:57:53.361142 PDT | MaxReturn            0
2017-08-16 20:57:53.361278 PDT | MinReturn            0
2017-08-16 20:57:53.361468 PDT | AveragePolicyStd     0.987707
2017-08-16 20:57:53.361601 PDT | LossBefore          -0
2017-08-16 20:57:53.361705 PDT | LossAfter           -0
2017-08-16 20:57:53.361806 PDT | MeanKL               0
2017-08-16 20:57:53.361905 PDT | MaxKL                0
2017-08-16 20:57:53.362064 PDT | Time               894.833
2017-08-16 20:57:53.362183 PDT | ItrTime            176.866
2017-08-16 20:57:53.362349 PDT | -----------------  ----------
2017-08-16 20:57:53.362664 PDT | [point_1] itr #5 | Obtaining samples...
2017-08-16 21:00:51.145530 PDT | [point_1] itr #5 | Processing samples...
2017-08-16 21:00:51.149902 PDT | [point_1] itr #5 | fitting baseline...
2017-08-16 21:00:51.180835 PDT | [point_1] itr #5 | fitted
2017-08-16 21:00:51.268365 PDT | [point_1] itr #5 | Logging diagnostics...
2017-08-16 21:00:51.272131 PDT | [point_1] itr #5 | Optimizing policy...
2017-08-16 21:00:51.272387 PDT | [point_1] itr #5 | optimizing policy
2017-08-16 21:00:51.325024 PDT | [point_1] itr #5 | Saving snapshot...
2017-08-16 21:00:51.329306 PDT | [point_1] itr #5 | Saved
2017-08-16 21:00:51.329590 PDT | [point_1] itr #5 | Saving visualization of paths
2017-08-16 21:00:51.730767 PDT | -----------------  -----------
2017-08-16 21:00:51.730954 PDT | AverageReturn         0
2017-08-16 21:00:51.731072 PDT | ExplainedVariance     1
2017-08-16 21:00:51.731229 PDT | NumTrajs            334
2017-08-16 21:00:51.731356 PDT | Entropy               2.81313
2017-08-16 21:00:51.731465 PDT | Perplexity           16.662
2017-08-16 21:00:51.731646 PDT | StdReturn             0
2017-08-16 21:00:51.731825 PDT | MaxReturn             0
2017-08-16 21:00:51.732008 PDT | MinReturn             0
2017-08-16 21:00:51.732112 PDT | AveragePolicyStd      0.987707
2017-08-16 21:00:51.732211 PDT | LossBefore           -0
2017-08-16 21:00:51.732309 PDT | LossAfter            -0
2017-08-16 21:00:51.732406 PDT | MeanKL                0
2017-08-16 21:00:51.732512 PDT | MaxKL                 0
2017-08-16 21:00:51.732610 PDT | Time               1073.25
2017-08-16 21:00:51.732709 PDT | ItrTime             177.967
2017-08-16 21:00:51.732807 PDT | -----------------  -----------
2017-08-16 21:00:51.732973 PDT | [point_1] itr #6 | Obtaining samples...
2017-08-16 21:03:59.436941 PDT | [point_1] itr #6 | Processing samples...
2017-08-16 21:03:59.440910 PDT | [point_1] itr #6 | fitting baseline...
2017-08-16 21:03:59.476862 PDT | [point_1] itr #6 | fitted
2017-08-16 21:03:59.563980 PDT | [point_1] itr #6 | Logging diagnostics...
2017-08-16 21:03:59.566983 PDT | [point_1] itr #6 | Optimizing policy...
2017-08-16 21:03:59.567258 PDT | [point_1] itr #6 | optimizing policy
2017-08-16 21:03:59.619934 PDT | [point_1] itr #6 | Saving snapshot...
2017-08-16 21:03:59.624415 PDT | [point_1] itr #6 | Saved
2017-08-16 21:03:59.624693 PDT | [point_1] itr #6 | Saving visualization of paths
2017-08-16 21:04:00.048069 PDT | -----------------  -----------
2017-08-16 21:04:00.048254 PDT | AverageReturn         0
2017-08-16 21:04:00.048364 PDT | ExplainedVariance     1
2017-08-16 21:04:00.048468 PDT | NumTrajs            334
2017-08-16 21:04:00.048569 PDT | Entropy               2.81313
2017-08-16 21:04:00.048668 PDT | Perplexity           16.662
2017-08-16 21:04:00.048766 PDT | StdReturn             0
2017-08-16 21:04:00.048866 PDT | MaxReturn             0
2017-08-16 21:04:00.048964 PDT | MinReturn             0
2017-08-16 21:04:00.049060 PDT | AveragePolicyStd      0.987707
2017-08-16 21:04:00.049156 PDT | LossBefore           -0
2017-08-16 21:04:00.049253 PDT | LossAfter            -0
2017-08-16 21:04:00.049350 PDT | MeanKL                0
2017-08-16 21:04:00.049447 PDT | MaxKL                 0
2017-08-16 21:04:00.049543 PDT | Time               1261.54
2017-08-16 21:04:00.049703 PDT | ItrTime             187.892
2017-08-16 21:04:00.049887 PDT | -----------------  -----------
2017-08-16 21:04:00.050198 PDT | [point_1] itr #7 | Obtaining samples...
2017-08-16 21:06:56.535835 PDT | [point_1] itr #7 | Processing samples...
2017-08-16 21:06:56.540350 PDT | [point_1] itr #7 | fitting baseline...
2017-08-16 21:06:56.574142 PDT | [point_1] itr #7 | fitted
2017-08-16 21:06:56.652335 PDT | [point_1] itr #7 | Logging diagnostics...
2017-08-16 21:06:56.654996 PDT | [point_1] itr #7 | Optimizing policy...
2017-08-16 21:06:56.655150 PDT | [point_1] itr #7 | optimizing policy
2017-08-16 21:06:56.705229 PDT | [point_1] itr #7 | Saving snapshot...
2017-08-16 21:06:56.710767 PDT | [point_1] itr #7 | Saved
2017-08-16 21:06:56.711023 PDT | [point_1] itr #7 | Saving visualization of paths
2017-08-16 21:06:57.122384 PDT | -----------------  -----------
2017-08-16 21:06:57.122566 PDT | AverageReturn         0
2017-08-16 21:06:57.122676 PDT | ExplainedVariance     1
2017-08-16 21:06:57.122779 PDT | NumTrajs            334
2017-08-16 21:06:57.122907 PDT | Entropy               2.81313
2017-08-16 21:06:57.123014 PDT | Perplexity           16.662
2017-08-16 21:06:57.123113 PDT | StdReturn             0
2017-08-16 21:06:57.123211 PDT | MaxReturn             0
2017-08-16 21:06:57.123308 PDT | MinReturn             0
2017-08-16 21:06:57.123406 PDT | AveragePolicyStd      0.987707
2017-08-16 21:06:57.123504 PDT | LossBefore           -0
2017-08-16 21:06:57.123603 PDT | LossAfter            -0
2017-08-16 21:06:57.123699 PDT | MeanKL                0
2017-08-16 21:06:57.123815 PDT | MaxKL                 0
2017-08-16 21:06:57.124031 PDT | Time               1438.63
2017-08-16 21:06:57.124196 PDT | ItrTime             176.661
2017-08-16 21:06:57.124297 PDT | -----------------  -----------
2017-08-16 21:06:57.124485 PDT | [point_1] itr #8 | Obtaining samples...
2017-08-16 21:09:52.608189 PDT | [point_1] itr #8 | Processing samples...
2017-08-16 21:09:52.612992 PDT | [point_1] itr #8 | fitting baseline...
2017-08-16 21:09:52.641707 PDT | [point_1] itr #8 | fitted
2017-08-16 21:09:52.703677 PDT | [point_1] itr #8 | Logging diagnostics...
2017-08-16 21:09:52.711106 PDT | [point_1] itr #8 | Optimizing policy...
2017-08-16 21:09:52.712041 PDT | [point_1] itr #8 | optimizing policy
2017-08-16 21:09:52.770727 PDT | [point_1] itr #8 | Saving snapshot...
2017-08-16 21:09:52.776381 PDT | [point_1] itr #8 | Saved
2017-08-16 21:09:52.776648 PDT | [point_1] itr #8 | Saving visualization of paths
2017-08-16 21:09:53.311644 PDT | -----------------  -----------
2017-08-16 21:09:53.311897 PDT | AverageReturn         0
2017-08-16 21:09:53.312131 PDT | ExplainedVariance     1
2017-08-16 21:09:53.312316 PDT | NumTrajs            334
2017-08-16 21:09:53.312421 PDT | Entropy               2.81313
2017-08-16 21:09:53.312520 PDT | Perplexity           16.662
2017-08-16 21:09:53.312618 PDT | StdReturn             0
2017-08-16 21:09:53.312716 PDT | MaxReturn             0
2017-08-16 21:09:53.312813 PDT | MinReturn             0
2017-08-16 21:09:53.312911 PDT | AveragePolicyStd      0.987707
2017-08-16 21:09:53.313007 PDT | LossBefore           -0
2017-08-16 21:09:53.313104 PDT | LossAfter            -0
2017-08-16 21:09:53.313200 PDT | MeanKL                0
2017-08-16 21:09:53.313338 PDT | MaxKL                 0
2017-08-16 21:09:53.313438 PDT | Time               1614.69
2017-08-16 21:09:53.313535 PDT | ItrTime             175.652
2017-08-16 21:09:53.313632 PDT | -----------------  -----------
2017-08-16 21:09:53.313803 PDT | [point_1] itr #9 | Obtaining samples...
2017-08-16 21:12:49.641148 PDT | [point_1] itr #9 | Processing samples...
2017-08-16 21:12:49.647357 PDT | [point_1] itr #9 | fitting baseline...
2017-08-16 21:12:49.675358 PDT | [point_1] itr #9 | fitted
2017-08-16 21:12:49.740903 PDT | [point_1] itr #9 | Logging diagnostics...
2017-08-16 21:12:49.745131 PDT | [point_1] itr #9 | Optimizing policy...
2017-08-16 21:12:49.745519 PDT | [point_1] itr #9 | optimizing policy
2017-08-16 21:12:49.798624 PDT | [point_1] itr #9 | Saving snapshot...
2017-08-16 21:12:49.805201 PDT | [point_1] itr #9 | Saved
2017-08-16 21:12:49.805386 PDT | [point_1] itr #9 | Saving visualization of paths
2017-08-16 21:12:50.240012 PDT | -----------------  -----------
2017-08-16 21:12:50.240194 PDT | AverageReturn         0
2017-08-16 21:12:50.240309 PDT | ExplainedVariance     1
2017-08-16 21:12:50.240445 PDT | NumTrajs            334
2017-08-16 21:12:50.240650 PDT | Entropy               2.81313
2017-08-16 21:12:50.240859 PDT | Perplexity           16.662
2017-08-16 21:12:50.241067 PDT | StdReturn             0
2017-08-16 21:12:50.241276 PDT | MaxReturn             0
2017-08-16 21:12:50.241486 PDT | MinReturn             0
2017-08-16 21:12:50.241695 PDT | AveragePolicyStd      0.987707
2017-08-16 21:12:50.241901 PDT | LossBefore           -0
2017-08-16 21:12:50.242111 PDT | LossAfter            -0
2017-08-16 21:12:50.242321 PDT | MeanKL                0
2017-08-16 21:12:50.242527 PDT | MaxKL                 0
2017-08-16 21:12:50.242741 PDT | Time               1791.72
2017-08-16 21:12:50.242952 PDT | ItrTime             176.492
2017-08-16 21:12:50.243160 PDT | -----------------  -----------
2017-08-16 21:12:50.243457 PDT | [point_1] itr #10 | Obtaining samples...
2017-08-16 21:15:45.570282 PDT | [point_1] itr #10 | Processing samples...
2017-08-16 21:15:45.574903 PDT | [point_1] itr #10 | fitting baseline...
2017-08-16 21:15:45.623339 PDT | [point_1] itr #10 | fitted
2017-08-16 21:15:45.684684 PDT | [point_1] itr #10 | Logging diagnostics...
2017-08-16 21:15:45.688011 PDT | [point_1] itr #10 | Optimizing policy...
2017-08-16 21:15:45.688349 PDT | [point_1] itr #10 | optimizing policy
2017-08-16 21:15:45.740263 PDT | [point_1] itr #10 | Saving snapshot...
2017-08-16 21:15:45.744459 PDT | [point_1] itr #10 | Saved
2017-08-16 21:15:45.744672 PDT | [point_1] itr #10 | Saving visualization of paths
2017-08-16 21:15:46.153043 PDT | -----------------  -----------
2017-08-16 21:15:46.153225 PDT | AverageReturn         0
2017-08-16 21:15:46.153335 PDT | ExplainedVariance     1
2017-08-16 21:15:46.153437 PDT | NumTrajs            334
2017-08-16 21:15:46.153538 PDT | Entropy               2.81313
2017-08-16 21:15:46.153636 PDT | Perplexity           16.662
2017-08-16 21:15:46.153734 PDT | StdReturn             0
2017-08-16 21:15:46.153831 PDT | MaxReturn             0
2017-08-16 21:15:46.153929 PDT | MinReturn             0
2017-08-16 21:15:46.154026 PDT | AveragePolicyStd      0.987707
2017-08-16 21:15:46.154123 PDT | LossBefore           -0
2017-08-16 21:15:46.154273 PDT | LossAfter            -0
2017-08-16 21:15:46.154394 PDT | MeanKL                0
2017-08-16 21:15:46.154615 PDT | MaxKL                 0
2017-08-16 21:15:46.154724 PDT | Time               1967.66
2017-08-16 21:15:46.154825 PDT | ItrTime             175.501
2017-08-16 21:15:46.154924 PDT | -----------------  -----------
2017-08-16 21:15:46.155089 PDT | [point_1] itr #11 | Obtaining samples...
2017-08-16 21:18:40.996375 PDT | [point_1] itr #11 | Processing samples...
2017-08-16 21:18:41.000611 PDT | [point_1] itr #11 | fitting baseline...
2017-08-16 21:18:41.026296 PDT | [point_1] itr #11 | fitted
2017-08-16 21:18:41.089319 PDT | [point_1] itr #11 | Logging diagnostics...
2017-08-16 21:18:41.093344 PDT | [point_1] itr #11 | Optimizing policy...
2017-08-16 21:18:41.093785 PDT | [point_1] itr #11 | optimizing policy
2017-08-16 21:18:41.151171 PDT | [point_1] itr #11 | Saving snapshot...
2017-08-16 21:18:41.155341 PDT | [point_1] itr #11 | Saved
2017-08-16 21:18:41.155530 PDT | [point_1] itr #11 | Saving visualization of paths
2017-08-16 21:18:41.555985 PDT | -----------------  -----------
2017-08-16 21:18:41.556165 PDT | AverageReturn         0
2017-08-16 21:18:41.556274 PDT | ExplainedVariance     1
2017-08-16 21:18:41.556375 PDT | NumTrajs            334
2017-08-16 21:18:41.556474 PDT | Entropy               2.81313
2017-08-16 21:18:41.556572 PDT | Perplexity           16.662
2017-08-16 21:18:41.556670 PDT | StdReturn             0
2017-08-16 21:18:41.556767 PDT | MaxReturn             0
2017-08-16 21:18:41.556875 PDT | MinReturn             0
2017-08-16 21:18:41.556973 PDT | AveragePolicyStd      0.987707
2017-08-16 21:18:41.557070 PDT | LossBefore           -0
2017-08-16 21:18:41.557168 PDT | LossAfter            -0
2017-08-16 21:18:41.557263 PDT | MeanKL                0
2017-08-16 21:18:41.557359 PDT | MaxKL                 0
2017-08-16 21:18:41.557454 PDT | Time               2143.07
2017-08-16 21:18:41.557561 PDT | ItrTime             175
2017-08-16 21:18:41.557660 PDT | -----------------  -----------
2017-08-16 21:18:41.557822 PDT | [point_1] itr #12 | Obtaining samples...
2017-08-16 21:21:46.627760 PDT | [point_1] itr #12 | Processing samples...
2017-08-16 21:21:46.631808 PDT | [point_1] itr #12 | fitting baseline...
2017-08-16 21:21:46.658835 PDT | [point_1] itr #12 | fitted
2017-08-16 21:21:46.721255 PDT | [point_1] itr #12 | Logging diagnostics...
2017-08-16 21:21:46.725413 PDT | [point_1] itr #12 | Optimizing policy...
2017-08-16 21:21:46.725819 PDT | [point_1] itr #12 | optimizing policy
2017-08-16 21:21:46.781184 PDT | [point_1] itr #12 | Saving snapshot...
2017-08-16 21:21:46.785558 PDT | [point_1] itr #12 | Saved
2017-08-16 21:21:46.785782 PDT | [point_1] itr #12 | Saving visualization of paths
2017-08-16 21:21:47.203823 PDT | -----------------  -----------
2017-08-16 21:21:47.204022 PDT | AverageReturn         0
2017-08-16 21:21:47.204176 PDT | ExplainedVariance     1
2017-08-16 21:21:47.204305 PDT | NumTrajs            334
2017-08-16 21:21:47.204426 PDT | Entropy               2.81313
2017-08-16 21:21:47.204567 PDT | Perplexity           16.662
2017-08-16 21:21:47.204716 PDT | StdReturn             0
2017-08-16 21:21:47.204874 PDT | MaxReturn             0
2017-08-16 21:21:47.205028 PDT | MinReturn             0
2017-08-16 21:21:47.205135 PDT | AveragePolicyStd      0.987707
2017-08-16 21:21:47.205291 PDT | LossBefore           -0
2017-08-16 21:21:47.205390 PDT | LossAfter            -0
2017-08-16 21:21:47.205487 PDT | MeanKL                0
2017-08-16 21:21:47.205583 PDT | MaxKL                 0
2017-08-16 21:21:47.205679 PDT | Time               2328.7
2017-08-16 21:21:47.205842 PDT | ItrTime             185.228
2017-08-16 21:21:47.206029 PDT | -----------------  -----------
2017-08-16 21:21:47.206343 PDT | [point_1] itr #13 | Obtaining samples...
2017-08-16 21:24:40.524231 PDT | [point_1] itr #13 | Processing samples...
2017-08-16 21:24:40.528768 PDT | [point_1] itr #13 | fitting baseline...
2017-08-16 21:24:40.576841 PDT | [point_1] itr #13 | fitted
2017-08-16 21:24:40.685651 PDT | [point_1] itr #13 | Logging diagnostics...
2017-08-16 21:24:40.688989 PDT | [point_1] itr #13 | Optimizing policy...
2017-08-16 21:24:40.689201 PDT | [point_1] itr #13 | optimizing policy
2017-08-16 21:24:40.741810 PDT | [point_1] itr #13 | Saving snapshot...
2017-08-16 21:24:40.747884 PDT | [point_1] itr #13 | Saved
2017-08-16 21:24:40.748073 PDT | [point_1] itr #13 | Saving visualization of paths
2017-08-16 21:24:41.166387 PDT | -----------------  -----------
2017-08-16 21:24:41.166687 PDT | AverageReturn         0
2017-08-16 21:24:41.166832 PDT | ExplainedVariance     1
2017-08-16 21:24:41.166934 PDT | NumTrajs            334
2017-08-16 21:24:41.167032 PDT | Entropy               2.81313
2017-08-16 21:24:41.167131 PDT | Perplexity           16.662
2017-08-16 21:24:41.167228 PDT | StdReturn             0
2017-08-16 21:24:41.167325 PDT | MaxReturn             0
2017-08-16 21:24:41.167421 PDT | MinReturn             0
2017-08-16 21:24:41.167532 PDT | AveragePolicyStd      0.987707
2017-08-16 21:24:41.167627 PDT | LossBefore           -0
2017-08-16 21:24:41.167722 PDT | LossAfter            -0
2017-08-16 21:24:41.167816 PDT | MeanKL                0
2017-08-16 21:24:41.167925 PDT | MaxKL                 0
2017-08-16 21:24:41.168037 PDT | Time               2502.67
2017-08-16 21:24:41.168232 PDT | ItrTime             173.542
2017-08-16 21:24:41.168450 PDT | -----------------  -----------
2017-08-16 21:24:41.168766 PDT | [point_1] itr #14 | Obtaining samples...
2017-08-16 21:27:35.153979 PDT | [point_1] itr #14 | Processing samples...
2017-08-16 21:27:35.158126 PDT | [point_1] itr #14 | fitting baseline...
2017-08-16 21:27:35.198039 PDT | [point_1] itr #14 | fitted
2017-08-16 21:27:35.270580 PDT | [point_1] itr #14 | Logging diagnostics...
2017-08-16 21:27:35.274736 PDT | [point_1] itr #14 | Optimizing policy...
2017-08-16 21:27:35.275076 PDT | [point_1] itr #14 | optimizing policy
2017-08-16 21:27:35.328901 PDT | [point_1] itr #14 | Saving snapshot...
2017-08-16 21:27:35.334673 PDT | [point_1] itr #14 | Saved
2017-08-16 21:27:35.334840 PDT | [point_1] itr #14 | Saving visualization of paths
2017-08-16 21:27:35.704525 PDT | -----------------  -----------
2017-08-16 21:27:35.704729 PDT | AverageReturn         0
2017-08-16 21:27:35.704834 PDT | ExplainedVariance     1
2017-08-16 21:27:35.704980 PDT | NumTrajs            334
2017-08-16 21:27:35.705196 PDT | Entropy               2.81313
2017-08-16 21:27:35.705404 PDT | Perplexity           16.662
2017-08-16 21:27:35.705609 PDT | StdReturn             0
2017-08-16 21:27:35.705777 PDT | MaxReturn             0
2017-08-16 21:27:35.705925 PDT | MinReturn             0
2017-08-16 21:27:35.706099 PDT | AveragePolicyStd      0.987707
2017-08-16 21:27:35.706197 PDT | LossBefore           -0
2017-08-16 21:27:35.706313 PDT | LossAfter            -0
2017-08-16 21:27:35.706409 PDT | MeanKL                0
2017-08-16 21:27:35.706503 PDT | MaxKL                 0
2017-08-16 21:27:35.706598 PDT | Time               2677.25
2017-08-16 21:27:35.706692 PDT | ItrTime             174.166
2017-08-16 21:27:35.706791 PDT | -----------------  -----------
2017-08-16 21:27:35.706950 PDT | [point_1] itr #15 | Obtaining samples...
2017-08-16 21:30:30.400156 PDT | [point_1] itr #15 | Processing samples...
2017-08-16 21:30:30.405294 PDT | [point_1] itr #15 | fitting baseline...
2017-08-16 21:30:30.430493 PDT | [point_1] itr #15 | fitted
2017-08-16 21:30:30.493811 PDT | [point_1] itr #15 | Logging diagnostics...
2017-08-16 21:30:30.498015 PDT | [point_1] itr #15 | Optimizing policy...
2017-08-16 21:30:30.498412 PDT | [point_1] itr #15 | optimizing policy
2017-08-16 21:30:30.552228 PDT | [point_1] itr #15 | Saving snapshot...
2017-08-16 21:30:30.558689 PDT | [point_1] itr #15 | Saved
2017-08-16 21:30:30.558986 PDT | [point_1] itr #15 | Saving visualization of paths
2017-08-16 21:30:30.961271 PDT | -----------------  -----------
2017-08-16 21:30:30.961527 PDT | AverageReturn         0
2017-08-16 21:30:30.961742 PDT | ExplainedVariance     1
2017-08-16 21:30:30.961942 PDT | NumTrajs            334
2017-08-16 21:30:30.962122 PDT | Entropy               2.81313
2017-08-16 21:30:30.962333 PDT | Perplexity           16.662
2017-08-16 21:30:30.962540 PDT | StdReturn             0
2017-08-16 21:30:30.962718 PDT | MaxReturn             0
2017-08-16 21:30:30.962872 PDT | MinReturn             0
2017-08-16 21:30:30.962982 PDT | AveragePolicyStd      0.987707
2017-08-16 21:30:30.963187 PDT | LossBefore           -0
2017-08-16 21:30:30.963397 PDT | LossAfter            -0
2017-08-16 21:30:30.963605 PDT | MeanKL                0
2017-08-16 21:30:30.963815 PDT | MaxKL                 0
2017-08-16 21:30:30.963932 PDT | Time               2852.48
2017-08-16 21:30:30.964031 PDT | ItrTime             174.852
2017-08-16 21:30:30.964126 PDT | -----------------  -----------
2017-08-16 21:30:30.964285 PDT | [point_1] itr #16 | Obtaining samples...
2017-08-16 21:33:26.024466 PDT | [point_1] itr #16 | Processing samples...
2017-08-16 21:33:26.028600 PDT | [point_1] itr #16 | fitting baseline...
2017-08-16 21:33:26.054562 PDT | [point_1] itr #16 | fitted
2017-08-16 21:33:26.112644 PDT | [point_1] itr #16 | Logging diagnostics...
2017-08-16 21:33:26.116352 PDT | [point_1] itr #16 | Optimizing policy...
2017-08-16 21:33:26.116610 PDT | [point_1] itr #16 | optimizing policy
2017-08-16 21:33:26.170618 PDT | [point_1] itr #16 | Saving snapshot...
2017-08-16 21:33:26.175165 PDT | [point_1] itr #16 | Saved
2017-08-16 21:33:26.175413 PDT | [point_1] itr #16 | Saving visualization of paths
2017-08-16 21:33:26.706204 PDT | -----------------  -----------
2017-08-16 21:33:26.706399 PDT | AverageReturn         0
2017-08-16 21:33:26.706518 PDT | ExplainedVariance     1
2017-08-16 21:33:26.706682 PDT | NumTrajs            334
2017-08-16 21:33:26.706827 PDT | Entropy               2.81313
2017-08-16 21:33:26.706964 PDT | Perplexity           16.662
2017-08-16 21:33:26.707182 PDT | StdReturn             0
2017-08-16 21:33:26.707371 PDT | MaxReturn             0
2017-08-16 21:33:26.707557 PDT | MinReturn             0
2017-08-16 21:33:26.707695 PDT | AveragePolicyStd      0.987707
2017-08-16 21:33:26.707913 PDT | LossBefore           -0
2017-08-16 21:33:26.708134 PDT | LossAfter            -0
2017-08-16 21:33:26.708348 PDT | MeanKL                0
2017-08-16 21:33:26.708559 PDT | MaxKL                 0
2017-08-16 21:33:26.708683 PDT | Time               3028.09
2017-08-16 21:33:26.708783 PDT | ItrTime             175.211
2017-08-16 21:33:26.708880 PDT | -----------------  -----------
2017-08-16 21:33:26.709045 PDT | [point_1] itr #17 | Obtaining samples...
2017-08-16 21:36:21.366474 PDT | [point_1] itr #17 | Processing samples...
2017-08-16 21:36:21.371580 PDT | [point_1] itr #17 | fitting baseline...
2017-08-16 21:36:21.399759 PDT | [point_1] itr #17 | fitted
2017-08-16 21:36:21.460191 PDT | [point_1] itr #17 | Logging diagnostics...
2017-08-16 21:36:21.463752 PDT | [point_1] itr #17 | Optimizing policy...
2017-08-16 21:36:21.464032 PDT | [point_1] itr #17 | optimizing policy
2017-08-16 21:36:21.515886 PDT | [point_1] itr #17 | Saving snapshot...
2017-08-16 21:36:21.523031 PDT | [point_1] itr #17 | Saved
2017-08-16 21:36:21.523703 PDT | [point_1] itr #17 | Saving visualization of paths
2017-08-16 21:36:21.930933 PDT | -----------------  -----------
2017-08-16 21:36:21.931198 PDT | AverageReturn         0
2017-08-16 21:36:21.931393 PDT | ExplainedVariance     1
2017-08-16 21:36:21.931605 PDT | NumTrajs            334
2017-08-16 21:36:21.931829 PDT | Entropy               2.81313
2017-08-16 21:36:21.932054 PDT | Perplexity           16.662
2017-08-16 21:36:21.932271 PDT | StdReturn             0
2017-08-16 21:36:21.932456 PDT | MaxReturn             0
2017-08-16 21:36:21.932629 PDT | MinReturn             0
2017-08-16 21:36:21.932731 PDT | AveragePolicyStd      0.987707
2017-08-16 21:36:21.932830 PDT | LossBefore           -0
2017-08-16 21:36:21.932969 PDT | LossAfter            -0
2017-08-16 21:36:21.933187 PDT | MeanKL                0
2017-08-16 21:36:21.933400 PDT | MaxKL                 0
2017-08-16 21:36:21.933615 PDT | Time               3203.44
2017-08-16 21:36:21.933781 PDT | ItrTime             174.815
2017-08-16 21:36:21.933882 PDT | -----------------  -----------
2017-08-16 21:36:21.934053 PDT | [point_1] itr #18 | Obtaining samples...
2017-08-16 21:39:26.343196 PDT | [point_1] itr #18 | Processing samples...
2017-08-16 21:39:26.346731 PDT | [point_1] itr #18 | fitting baseline...
2017-08-16 21:39:26.381707 PDT | [point_1] itr #18 | fitted
2017-08-16 21:39:26.469962 PDT | [point_1] itr #18 | Logging diagnostics...
2017-08-16 21:39:26.472908 PDT | [point_1] itr #18 | Optimizing policy...
2017-08-16 21:39:26.473069 PDT | [point_1] itr #18 | optimizing policy
2017-08-16 21:39:26.525398 PDT | [point_1] itr #18 | Saving snapshot...
2017-08-16 21:39:26.529869 PDT | [point_1] itr #18 | Saved
2017-08-16 21:39:26.530136 PDT | [point_1] itr #18 | Saving visualization of paths
2017-08-16 21:39:26.939542 PDT | -----------------  -----------
2017-08-16 21:39:26.939779 PDT | AverageReturn         0
2017-08-16 21:39:26.939970 PDT | ExplainedVariance     1
2017-08-16 21:39:26.940105 PDT | NumTrajs            334
2017-08-16 21:39:26.940206 PDT | Entropy               2.81313
2017-08-16 21:39:26.940305 PDT | Perplexity           16.662
2017-08-16 21:39:26.940404 PDT | StdReturn             0
2017-08-16 21:39:26.940517 PDT | MaxReturn             0
2017-08-16 21:39:26.940661 PDT | MinReturn             0
2017-08-16 21:39:26.940858 PDT | AveragePolicyStd      0.987707
2017-08-16 21:39:26.940994 PDT | LossBefore           -0
2017-08-16 21:39:26.941094 PDT | LossAfter            -0
2017-08-16 21:39:26.941192 PDT | MeanKL                0
2017-08-16 21:39:26.941289 PDT | MaxKL                 0
2017-08-16 21:39:26.941386 PDT | Time               3388.45
2017-08-16 21:39:26.941554 PDT | ItrTime             184.596
2017-08-16 21:39:26.941654 PDT | -----------------  -----------
2017-08-16 21:39:26.941824 PDT | [point_1] itr #19 | Obtaining samples...
2017-08-16 21:42:19.913470 PDT | [point_1] itr #19 | Processing samples...
2017-08-16 21:42:19.917362 PDT | [point_1] itr #19 | fitting baseline...
2017-08-16 21:42:19.963834 PDT | [point_1] itr #19 | fitted
2017-08-16 21:42:20.052917 PDT | [point_1] itr #19 | Logging diagnostics...
2017-08-16 21:42:20.055972 PDT | [point_1] itr #19 | Optimizing policy...
2017-08-16 21:42:20.056156 PDT | [point_1] itr #19 | optimizing policy
2017-08-16 21:42:20.107651 PDT | [point_1] itr #19 | Saving snapshot...
2017-08-16 21:42:20.112002 PDT | [point_1] itr #19 | Saved
2017-08-16 21:42:20.112281 PDT | [point_1] itr #19 | Saving visualization of paths
2017-08-16 21:42:20.518220 PDT | -----------------  -----------
2017-08-16 21:42:20.518429 PDT | AverageReturn         0
2017-08-16 21:42:20.518540 PDT | ExplainedVariance     1
2017-08-16 21:42:20.518727 PDT | NumTrajs            334
2017-08-16 21:42:20.518914 PDT | Entropy               2.81313
2017-08-16 21:42:20.519076 PDT | Perplexity           16.662
2017-08-16 21:42:20.519177 PDT | StdReturn             0
2017-08-16 21:42:20.519274 PDT | MaxReturn             0
2017-08-16 21:42:20.519373 PDT | MinReturn             0
2017-08-16 21:42:20.519470 PDT | AveragePolicyStd      0.987707
2017-08-16 21:42:20.519568 PDT | LossBefore           -0
2017-08-16 21:42:20.519705 PDT | LossAfter            -0
2017-08-16 21:42:20.519805 PDT | MeanKL                0
2017-08-16 21:42:20.519917 PDT | MaxKL                 0
2017-08-16 21:42:20.520031 PDT | Time               3562.03
2017-08-16 21:42:20.520168 PDT | ItrTime             173.17
2017-08-16 21:42:20.520343 PDT | -----------------  -----------
2017-08-16 21:42:20.520537 PDT | [point_1] itr #20 | Obtaining samples...
2017-08-16 21:45:13.857179 PDT | [point_1] itr #20 | Processing samples...
2017-08-16 21:45:13.860808 PDT | [point_1] itr #20 | fitting baseline...
2017-08-16 21:45:13.893028 PDT | [point_1] itr #20 | fitted
2017-08-16 21:45:13.985496 PDT | [point_1] itr #20 | Logging diagnostics...
2017-08-16 21:45:13.989353 PDT | [point_1] itr #20 | Optimizing policy...
2017-08-16 21:45:13.989626 PDT | [point_1] itr #20 | optimizing policy
2017-08-16 21:45:14.040589 PDT | [point_1] itr #20 | Saving snapshot...
2017-08-16 21:45:14.044532 PDT | [point_1] itr #20 | Saved
2017-08-16 21:45:14.044801 PDT | [point_1] itr #20 | Saving visualization of paths
2017-08-16 21:45:14.462741 PDT | -----------------  -----------
2017-08-16 21:45:14.462934 PDT | AverageReturn         0
2017-08-16 21:45:14.463154 PDT | ExplainedVariance     1
2017-08-16 21:45:14.463372 PDT | NumTrajs            334
2017-08-16 21:45:14.463584 PDT | Entropy               2.81313
2017-08-16 21:45:14.463770 PDT | Perplexity           16.662
2017-08-16 21:45:14.463874 PDT | StdReturn             0
2017-08-16 21:45:14.463983 PDT | MaxReturn             0
2017-08-16 21:45:14.464090 PDT | MinReturn             0
2017-08-16 21:45:14.464198 PDT | AveragePolicyStd      0.987707
2017-08-16 21:45:14.464333 PDT | LossBefore           -0
2017-08-16 21:45:14.464433 PDT | LossAfter            -0
2017-08-16 21:45:14.464530 PDT | MeanKL                0
2017-08-16 21:45:14.464627 PDT | MaxKL                 0
2017-08-16 21:45:14.464723 PDT | Time               3735.96
2017-08-16 21:45:14.464819 PDT | ItrTime             173.524
2017-08-16 21:45:14.464916 PDT | -----------------  -----------
2017-08-16 21:45:14.465088 PDT | [point_1] itr #21 | Obtaining samples...
2017-08-16 21:48:08.832309 PDT | [point_1] itr #21 | Processing samples...
2017-08-16 21:48:08.836382 PDT | [point_1] itr #21 | fitting baseline...
2017-08-16 21:48:08.870393 PDT | [point_1] itr #21 | fitted
2017-08-16 21:48:08.960270 PDT | [point_1] itr #21 | Logging diagnostics...
2017-08-16 21:48:08.962964 PDT | [point_1] itr #21 | Optimizing policy...
2017-08-16 21:48:08.963119 PDT | [point_1] itr #21 | optimizing policy
2017-08-16 21:48:09.018158 PDT | [point_1] itr #21 | Saving snapshot...
2017-08-16 21:48:09.022312 PDT | [point_1] itr #21 | Saved
2017-08-16 21:48:09.022486 PDT | [point_1] itr #21 | Saving visualization of paths
2017-08-16 21:48:09.448356 PDT | -----------------  -----------
2017-08-16 21:48:09.448677 PDT | AverageReturn         0
2017-08-16 21:48:09.448907 PDT | ExplainedVariance     1
2017-08-16 21:48:09.449118 PDT | NumTrajs            334
2017-08-16 21:48:09.449328 PDT | Entropy               2.81313
2017-08-16 21:48:09.449534 PDT | Perplexity           16.662
2017-08-16 21:48:09.449705 PDT | StdReturn             0
2017-08-16 21:48:09.449809 PDT | MaxReturn             0
2017-08-16 21:48:09.449908 PDT | MinReturn             0
2017-08-16 21:48:09.450006 PDT | AveragePolicyStd      0.987707
2017-08-16 21:48:09.450103 PDT | LossBefore           -0
2017-08-16 21:48:09.450267 PDT | LossAfter            -0
2017-08-16 21:48:09.450437 PDT | MeanKL                0
2017-08-16 21:48:09.450646 PDT | MaxKL                 0
2017-08-16 21:48:09.450864 PDT | Time               3910.94
2017-08-16 21:48:09.451083 PDT | ItrTime             174.557
2017-08-16 21:48:09.451307 PDT | -----------------  -----------
2017-08-16 21:48:09.451628 PDT | [point_1] itr #22 | Obtaining samples...
2017-08-16 21:51:03.313408 PDT | [point_1] itr #22 | Processing samples...
2017-08-16 21:51:03.317413 PDT | [point_1] itr #22 | fitting baseline...
2017-08-16 21:51:03.344507 PDT | [point_1] itr #22 | fitted
2017-08-16 21:51:03.405405 PDT | [point_1] itr #22 | Logging diagnostics...
2017-08-16 21:51:03.409466 PDT | [point_1] itr #22 | Optimizing policy...
2017-08-16 21:51:03.409902 PDT | [point_1] itr #22 | optimizing policy
2017-08-16 21:51:03.469960 PDT | [point_1] itr #22 | Saving snapshot...
2017-08-16 21:51:03.474278 PDT | [point_1] itr #22 | Saved
2017-08-16 21:51:03.474541 PDT | [point_1] itr #22 | Saving visualization of paths
2017-08-16 21:51:03.891716 PDT | -----------------  -----------
2017-08-16 21:51:03.891909 PDT | AverageReturn         0
2017-08-16 21:51:03.892024 PDT | ExplainedVariance     1
2017-08-16 21:51:03.892131 PDT | NumTrajs            334
2017-08-16 21:51:03.892263 PDT | Entropy               2.81313
2017-08-16 21:51:03.892421 PDT | Perplexity           16.662
2017-08-16 21:51:03.892601 PDT | StdReturn             0
2017-08-16 21:51:03.892777 PDT | MaxReturn             0
2017-08-16 21:51:03.892975 PDT | MinReturn             0
2017-08-16 21:51:03.893182 PDT | AveragePolicyStd      0.987707
2017-08-16 21:51:03.893377 PDT | LossBefore           -0
2017-08-16 21:51:03.893583 PDT | LossAfter            -0
2017-08-16 21:51:03.893764 PDT | MeanKL                0
2017-08-16 21:51:03.893868 PDT | MaxKL                 0
2017-08-16 21:51:03.893966 PDT | Time               4085.39
2017-08-16 21:51:03.894064 PDT | ItrTime             174.023
2017-08-16 21:51:03.894161 PDT | -----------------  -----------
2017-08-16 21:51:03.894443 PDT | [point_1] itr #23 | Obtaining samples...
2017-08-16 21:54:09.643685 PDT | [point_1] itr #23 | Processing samples...
2017-08-16 21:54:09.648760 PDT | [point_1] itr #23 | fitting baseline...
2017-08-16 21:54:09.676277 PDT | [point_1] itr #23 | fitted
2017-08-16 21:54:09.732838 PDT | [point_1] itr #23 | Logging diagnostics...
