2017-08-16 20:59:20.962864 PDT | [point_2] Populating workers...
2017-08-16 20:59:20.963225 PDT | [point_2] Populated
2017-08-16 20:59:20.963473 PDT | [point_2] itr #0 | Obtaining samples...
2017-08-16 21:02:18.281813 PDT | [point_2] itr #0 | Processing samples...
2017-08-16 21:02:18.286402 PDT | [point_2] itr #0 | fitting baseline...
2017-08-16 21:02:18.333545 PDT | [point_2] itr #0 | fitted
2017-08-16 21:02:18.394168 PDT | [point_2] itr #0 | Logging diagnostics...
2017-08-16 21:02:18.397680 PDT | [point_2] itr #0 | Optimizing policy...
2017-08-16 21:02:18.398035 PDT | [point_2] itr #0 | optimizing policy
2017-08-16 21:02:18.482408 PDT | [point_2] itr #0 | Saving snapshot...
2017-08-16 21:02:18.487774 PDT | [point_2] itr #0 | Saved
2017-08-16 21:02:18.488062 PDT | [point_2] itr #0 | Saving visualization of paths
2017-08-16 21:02:18.930158 PDT | -----------------  --------------
2017-08-16 21:02:18.930360 PDT | AverageReturn       6372.75
2017-08-16 21:02:18.930582 PDT | ExplainedVariance      0.65124
2017-08-16 21:02:18.930745 PDT | NumTrajs             334
2017-08-16 21:02:18.930854 PDT | Entropy                2.78917
2017-08-16 21:02:18.930964 PDT | Perplexity            16.2675
2017-08-16 21:02:18.931100 PDT | StdReturn           7898.13
2017-08-16 21:02:18.931254 PDT | MaxReturn          21400
2017-08-16 21:02:18.931392 PDT | MinReturn              0
2017-08-16 21:02:18.931536 PDT | AveragePolicyStd       0.975948
2017-08-16 21:02:18.931664 PDT | LossBefore            -0.00179654
2017-08-16 21:02:18.931790 PDT | LossAfter             -0.00331789
2017-08-16 21:02:18.931922 PDT | MeanKL                 0.0032294
2017-08-16 21:02:18.932088 PDT | MaxKL                  0.00661391
2017-08-16 21:02:18.932213 PDT | Time                 177.525
2017-08-16 21:02:18.932318 PDT | ItrTime              177.525
2017-08-16 21:02:18.932427 PDT | -----------------  --------------
2017-08-16 21:02:18.932652 PDT | [point_2] itr #1 | Obtaining samples...
2017-08-16 21:05:26.492538 PDT | [point_2] itr #1 | Processing samples...
2017-08-16 21:05:26.497391 PDT | [point_2] itr #1 | fitting baseline...
2017-08-16 21:05:26.536429 PDT | [point_2] itr #1 | fitted
2017-08-16 21:05:26.624166 PDT | [point_2] itr #1 | Logging diagnostics...
2017-08-16 21:05:26.627027 PDT | [point_2] itr #1 | Optimizing policy...
2017-08-16 21:05:26.627400 PDT | [point_2] itr #1 | optimizing policy
2017-08-16 21:05:26.701091 PDT | [point_2] itr #1 | Saving snapshot...
2017-08-16 21:05:26.704864 PDT | [point_2] itr #1 | Saved
2017-08-16 21:05:26.705087 PDT | [point_2] itr #1 | Saving visualization of paths
2017-08-16 21:05:27.140981 PDT | -----------------  ---------------
2017-08-16 21:05:27.141282 PDT | AverageReturn       8445.51
2017-08-16 21:05:27.141451 PDT | ExplainedVariance      0.688677
2017-08-16 21:05:27.141576 PDT | NumTrajs             334
2017-08-16 21:05:27.141796 PDT | Entropy                2.78738
2017-08-16 21:05:27.142017 PDT | Perplexity            16.2384
2017-08-16 21:05:27.142240 PDT | StdReturn           8728.8
2017-08-16 21:05:27.142452 PDT | MaxReturn          21900
2017-08-16 21:05:27.142671 PDT | MinReturn              0
2017-08-16 21:05:27.142878 PDT | AveragePolicyStd       0.975067
2017-08-16 21:05:27.143090 PDT | LossBefore            -0.0060998
2017-08-16 21:05:27.143309 PDT | LossAfter             -0.00653359
2017-08-16 21:05:27.143532 PDT | MeanKL                 0.000292698
2017-08-16 21:05:27.143745 PDT | MaxKL                  0.00062507
2017-08-16 21:05:27.143969 PDT | Time                 365.742
2017-08-16 21:05:27.144191 PDT | ItrTime              187.772
2017-08-16 21:05:27.144414 PDT | -----------------  ---------------
2017-08-16 21:05:27.144735 PDT | [point_2] itr #2 | Obtaining samples...
2017-08-16 21:08:24.402474 PDT | [point_2] itr #2 | Processing samples...
2017-08-16 21:08:24.407865 PDT | [point_2] itr #2 | fitting baseline...
2017-08-16 21:08:24.440687 PDT | [point_2] itr #2 | fitted
2017-08-16 21:08:24.506735 PDT | [point_2] itr #2 | Logging diagnostics...
2017-08-16 21:08:24.510960 PDT | [point_2] itr #2 | Optimizing policy...
2017-08-16 21:08:24.511335 PDT | [point_2] itr #2 | optimizing policy
2017-08-16 21:08:24.568183 PDT | [point_2] itr #2 | Saving snapshot...
2017-08-16 21:08:24.572467 PDT | [point_2] itr #2 | Saved
2017-08-16 21:08:24.572637 PDT | [point_2] itr #2 | Saving visualization of paths
2017-08-16 21:08:24.985752 PDT | -----------------  ---------------
2017-08-16 21:08:24.985947 PDT | AverageReturn       9598.8
2017-08-16 21:08:24.986061 PDT | ExplainedVariance      0.674614
2017-08-16 21:08:24.986164 PDT | NumTrajs             334
2017-08-16 21:08:24.986267 PDT | Entropy                2.78433
2017-08-16 21:08:24.986369 PDT | Perplexity            16.1889
2017-08-16 21:08:24.986469 PDT | StdReturn           8631.02
2017-08-16 21:08:24.986569 PDT | MaxReturn          22000
2017-08-16 21:08:24.986669 PDT | MinReturn              0
2017-08-16 21:08:24.986769 PDT | AveragePolicyStd       0.973581
2017-08-16 21:08:24.986868 PDT | LossBefore            -0.000887024
2017-08-16 21:08:24.987048 PDT | LossAfter             -0.00133481
2017-08-16 21:08:24.987267 PDT | MeanKL                 0.000213635
2017-08-16 21:08:24.987487 PDT | MaxKL                  0.000593672
2017-08-16 21:08:24.987705 PDT | Time                 543.609
2017-08-16 21:08:24.987917 PDT | ItrTime              177.428
2017-08-16 21:08:24.988025 PDT | -----------------  ---------------
2017-08-16 21:08:24.988207 PDT | [point_2] itr #3 | Obtaining samples...
2017-08-16 21:11:22.419960 PDT | [point_2] itr #3 | Processing samples...
2017-08-16 21:11:22.425334 PDT | [point_2] itr #3 | fitting baseline...
2017-08-16 21:11:22.453968 PDT | [point_2] itr #3 | fitted
2017-08-16 21:11:22.518169 PDT | [point_2] itr #3 | Logging diagnostics...
2017-08-16 21:11:22.522189 PDT | [point_2] itr #3 | Optimizing policy...
2017-08-16 21:11:22.522416 PDT | [point_2] itr #3 | optimizing policy
2017-08-16 21:11:22.577328 PDT | [point_2] itr #3 | Saving snapshot...
2017-08-16 21:11:22.586050 PDT | [point_2] itr #3 | Saved
2017-08-16 21:11:22.586458 PDT | [point_2] itr #3 | Saving visualization of paths
2017-08-16 21:11:23.025896 PDT | -----------------  ---------------
2017-08-16 21:11:23.026156 PDT | AverageReturn       9908.08
2017-08-16 21:11:23.026320 PDT | ExplainedVariance      0.659341
2017-08-16 21:11:23.026455 PDT | NumTrajs             334
2017-08-16 21:11:23.026585 PDT | Entropy                2.78388
2017-08-16 21:11:23.026714 PDT | Perplexity            16.1817
2017-08-16 21:11:23.026838 PDT | StdReturn           8461.64
2017-08-16 21:11:23.026944 PDT | MaxReturn          22500
2017-08-16 21:11:23.027049 PDT | MinReturn              0
2017-08-16 21:11:23.027153 PDT | AveragePolicyStd       0.973366
2017-08-16 21:11:23.027256 PDT | LossBefore            -0.00701234
2017-08-16 21:11:23.027360 PDT | LossAfter             -0.00736172
2017-08-16 21:11:23.027471 PDT | MeanKL                 0.0001441
2017-08-16 21:11:23.027574 PDT | MaxKL                  0.000314932
2017-08-16 21:11:23.027760 PDT | Time                 721.623
2017-08-16 21:11:23.027987 PDT | ItrTime              177.598
2017-08-16 21:11:23.028198 PDT | -----------------  ---------------
2017-08-16 21:11:23.028485 PDT | [point_2] itr #4 | Obtaining samples...
2017-08-16 21:14:20.031448 PDT | [point_2] itr #4 | Processing samples...
2017-08-16 21:14:20.037092 PDT | [point_2] itr #4 | fitting baseline...
2017-08-16 21:14:20.071415 PDT | [point_2] itr #4 | fitted
2017-08-16 21:14:20.155808 PDT | [point_2] itr #4 | Logging diagnostics...
2017-08-16 21:14:20.159443 PDT | [point_2] itr #4 | Optimizing policy...
2017-08-16 21:14:20.159703 PDT | [point_2] itr #4 | optimizing policy
2017-08-16 21:14:20.214582 PDT | [point_2] itr #4 | Saving snapshot...
2017-08-16 21:14:20.219734 PDT | [point_2] itr #4 | Saved
2017-08-16 21:14:20.220056 PDT | [point_2] itr #4 | Saving visualization of paths
2017-08-16 21:14:20.645476 PDT | -----------------  ---------------
2017-08-16 21:14:20.645659 PDT | AverageReturn      11063.8
2017-08-16 21:14:20.645771 PDT | ExplainedVariance      0.700937
2017-08-16 21:14:20.645876 PDT | NumTrajs             334
2017-08-16 21:14:20.645989 PDT | Entropy                2.78038
2017-08-16 21:14:20.646121 PDT | Perplexity            16.1251
2017-08-16 21:14:20.646336 PDT | StdReturn           8491.67
2017-08-16 21:14:20.646557 PDT | MaxReturn          22300
2017-08-16 21:14:20.646782 PDT | MinReturn              0
2017-08-16 21:14:20.647006 PDT | AveragePolicyStd       0.971662
2017-08-16 21:14:20.647226 PDT | LossBefore            -0.00509979
2017-08-16 21:14:20.647446 PDT | LossAfter             -0.00571065
2017-08-16 21:14:20.647674 PDT | MeanKL                 0.000382633
2017-08-16 21:14:20.647892 PDT | MaxKL                  0.000811473
2017-08-16 21:14:20.648123 PDT | Time                 899.257
2017-08-16 21:14:20.648346 PDT | ItrTime              177.192
2017-08-16 21:14:20.648569 PDT | -----------------  ---------------
2017-08-16 21:14:20.648898 PDT | [point_2] itr #5 | Obtaining samples...
2017-08-16 21:17:18.240084 PDT | [point_2] itr #5 | Processing samples...
2017-08-16 21:17:18.243847 PDT | [point_2] itr #5 | fitting baseline...
2017-08-16 21:17:18.280357 PDT | [point_2] itr #5 | fitted
2017-08-16 21:17:18.366892 PDT | [point_2] itr #5 | Logging diagnostics...
2017-08-16 21:17:18.370372 PDT | [point_2] itr #5 | Optimizing policy...
2017-08-16 21:17:18.370579 PDT | [point_2] itr #5 | optimizing policy
2017-08-16 21:17:18.426287 PDT | [point_2] itr #5 | Saving snapshot...
2017-08-16 21:17:18.430971 PDT | [point_2] itr #5 | Saved
2017-08-16 21:17:18.431254 PDT | [point_2] itr #5 | Saving visualization of paths
2017-08-16 21:17:18.859144 PDT | -----------------  ---------------
2017-08-16 21:17:18.859401 PDT | AverageReturn      11489.8
2017-08-16 21:17:18.859633 PDT | ExplainedVariance      0.697099
2017-08-16 21:17:18.859855 PDT | NumTrajs             334
2017-08-16 21:17:18.860075 PDT | Entropy                2.77783
2017-08-16 21:17:18.860262 PDT | Perplexity            16.084
2017-08-16 21:17:18.860405 PDT | StdReturn           8520.34
2017-08-16 21:17:18.860530 PDT | MaxReturn          22400
2017-08-16 21:17:18.860754 PDT | MinReturn              0
2017-08-16 21:17:18.860978 PDT | AveragePolicyStd       0.970425
2017-08-16 21:17:18.861200 PDT | LossBefore            -0.00368293
2017-08-16 21:17:18.861415 PDT | LossAfter             -0.00416188
2017-08-16 21:17:18.861532 PDT | MeanKL                 0.000306304
2017-08-16 21:17:18.861634 PDT | MaxKL                  0.00044621
2017-08-16 21:17:18.861736 PDT | Time                1077.47
2017-08-16 21:17:18.861935 PDT | ItrTime              177.782
2017-08-16 21:17:18.862160 PDT | -----------------  ---------------
2017-08-16 21:17:18.862490 PDT | [point_2] itr #6 | Obtaining samples...
2017-08-16 21:20:27.958365 PDT | [point_2] itr #6 | Processing samples...
2017-08-16 21:20:27.963348 PDT | [point_2] itr #6 | fitting baseline...
2017-08-16 21:20:28.025411 PDT | [point_2] itr #6 | fitted
2017-08-16 21:20:28.108769 PDT | [point_2] itr #6 | Logging diagnostics...
2017-08-16 21:20:28.111474 PDT | [point_2] itr #6 | Optimizing policy...
2017-08-16 21:20:28.111635 PDT | [point_2] itr #6 | optimizing policy
2017-08-16 21:20:28.162781 PDT | [point_2] itr #6 | Saving snapshot...
2017-08-16 21:20:28.167635 PDT | [point_2] itr #6 | Saved
2017-08-16 21:20:28.167920 PDT | [point_2] itr #6 | Saving visualization of paths
2017-08-16 21:20:28.578631 PDT | -----------------  ---------------
2017-08-16 21:20:28.578826 PDT | AverageReturn      11917.7
2017-08-16 21:20:28.579027 PDT | ExplainedVariance      0.708868
2017-08-16 21:20:28.579225 PDT | NumTrajs             334
2017-08-16 21:20:28.579425 PDT | Entropy                2.77598
2017-08-16 21:20:28.579580 PDT | Perplexity            16.0544
2017-08-16 21:20:28.579720 PDT | StdReturn           8858.49
2017-08-16 21:20:28.579849 PDT | MaxReturn          22400
2017-08-16 21:20:28.579993 PDT | MinReturn              0
2017-08-16 21:20:28.580120 PDT | AveragePolicyStd       0.96953
2017-08-16 21:20:28.580248 PDT | LossBefore            -0.00762356
2017-08-16 21:20:28.580384 PDT | LossAfter             -0.00797741
2017-08-16 21:20:28.580533 PDT | MeanKL                 0.00018696
2017-08-16 21:20:28.580707 PDT | MaxKL                  0.000343688
2017-08-16 21:20:28.580842 PDT | Time                1267.2
2017-08-16 21:20:28.581012 PDT | ItrTime              189.305
2017-08-16 21:20:28.581170 PDT | -----------------  ---------------
2017-08-16 21:20:28.581382 PDT | [point_2] itr #7 | Obtaining samples...
2017-08-16 21:23:24.734549 PDT | [point_2] itr #7 | Processing samples...
2017-08-16 21:23:24.738764 PDT | [point_2] itr #7 | fitting baseline...
2017-08-16 21:23:24.767575 PDT | [point_2] itr #7 | fitted
2017-08-16 21:23:24.831220 PDT | [point_2] itr #7 | Logging diagnostics...
2017-08-16 21:23:24.835465 PDT | [point_2] itr #7 | Optimizing policy...
2017-08-16 21:23:24.835819 PDT | [point_2] itr #7 | optimizing policy
2017-08-16 21:23:24.890760 PDT | [point_2] itr #7 | Saving snapshot...
2017-08-16 21:23:24.895276 PDT | [point_2] itr #7 | Saved
2017-08-16 21:23:24.895705 PDT | [point_2] itr #7 | Saving visualization of paths
2017-08-16 21:23:25.289386 PDT | -----------------  ---------------
2017-08-16 21:23:25.289577 PDT | AverageReturn      13023.4
2017-08-16 21:23:25.289687 PDT | ExplainedVariance      0.731581
2017-08-16 21:23:25.289792 PDT | NumTrajs             334
2017-08-16 21:23:25.289900 PDT | Entropy                2.77217
2017-08-16 21:23:25.290008 PDT | Perplexity            15.9933
2017-08-16 21:23:25.290156 PDT | StdReturn           8416.83
2017-08-16 21:23:25.290357 PDT | MaxReturn          22400
2017-08-16 21:23:25.290557 PDT | MinReturn              0
2017-08-16 21:23:25.290772 PDT | AveragePolicyStd       0.967684
2017-08-16 21:23:25.290983 PDT | LossBefore             0.00214877
2017-08-16 21:23:25.291170 PDT | LossAfter              0.0017441
2017-08-16 21:23:25.291276 PDT | MeanKL                 0.000170082
2017-08-16 21:23:25.291375 PDT | MaxKL                  0.000406764
2017-08-16 21:23:25.291476 PDT | Time                1443.93
2017-08-16 21:23:25.291576 PDT | ItrTime              176.314
2017-08-16 21:23:25.291677 PDT | -----------------  ---------------
2017-08-16 21:23:25.291853 PDT | [point_2] itr #8 | Obtaining samples...
2017-08-16 21:26:21.791661 PDT | [point_2] itr #8 | Processing samples...
2017-08-16 21:26:21.796770 PDT | [point_2] itr #8 | fitting baseline...
2017-08-16 21:26:21.825924 PDT | [point_2] itr #8 | fitted
2017-08-16 21:26:21.890525 PDT | [point_2] itr #8 | Logging diagnostics...
2017-08-16 21:26:21.894866 PDT | [point_2] itr #8 | Optimizing policy...
2017-08-16 21:26:21.895243 PDT | [point_2] itr #8 | optimizing policy
2017-08-16 21:26:21.951006 PDT | [point_2] itr #8 | Saving snapshot...
2017-08-16 21:26:21.955594 PDT | [point_2] itr #8 | Saved
2017-08-16 21:26:21.955819 PDT | [point_2] itr #8 | Saving visualization of paths
2017-08-16 21:26:22.350811 PDT | -----------------  ---------------
2017-08-16 21:26:22.351016 PDT | AverageReturn      13096.7
2017-08-16 21:26:22.351126 PDT | ExplainedVariance      0.732455
2017-08-16 21:26:22.351230 PDT | NumTrajs             334
2017-08-16 21:26:22.351428 PDT | Entropy                2.77325
2017-08-16 21:26:22.351654 PDT | Perplexity            16.0105
2017-08-16 21:26:22.351871 PDT | StdReturn           8419.88
2017-08-16 21:26:22.352096 PDT | MaxReturn          22400
2017-08-16 21:26:22.352220 PDT | MinReturn              0
2017-08-16 21:26:22.352325 PDT | AveragePolicyStd       0.968209
2017-08-16 21:26:22.352428 PDT | LossBefore            -0.00956696
2017-08-16 21:26:22.352548 PDT | LossAfter             -0.0100331
2017-08-16 21:26:22.352759 PDT | MeanKL                 0.000249711
2017-08-16 21:26:22.352981 PDT | MaxKL                  0.000373101
2017-08-16 21:26:22.353200 PDT | Time                1620.99
2017-08-16 21:26:22.353382 PDT | ItrTime              176.664
2017-08-16 21:26:22.353489 PDT | -----------------  ---------------
2017-08-16 21:26:22.353661 PDT | [point_2] itr #9 | Obtaining samples...
2017-08-16 21:29:19.865993 PDT | [point_2] itr #9 | Processing samples...
2017-08-16 21:29:19.870707 PDT | [point_2] itr #9 | fitting baseline...
2017-08-16 21:29:19.899896 PDT | [point_2] itr #9 | fitted
2017-08-16 21:29:19.962067 PDT | [point_2] itr #9 | Logging diagnostics...
2017-08-16 21:29:19.966362 PDT | [point_2] itr #9 | Optimizing policy...
2017-08-16 21:29:19.966758 PDT | [point_2] itr #9 | optimizing policy
2017-08-16 21:29:20.018081 PDT | [point_2] itr #9 | Saving snapshot...
2017-08-16 21:29:20.021763 PDT | [point_2] itr #9 | Saved
2017-08-16 21:29:20.021969 PDT | [point_2] itr #9 | Saving visualization of paths
2017-08-16 21:29:20.429023 PDT | -----------------  ---------------
2017-08-16 21:29:20.429205 PDT | AverageReturn      13615.6
2017-08-16 21:29:20.429312 PDT | ExplainedVariance      0.743261
2017-08-16 21:29:20.429441 PDT | NumTrajs             334
2017-08-16 21:29:20.429557 PDT | Entropy                2.76846
2017-08-16 21:29:20.429654 PDT | Perplexity            15.9341
2017-08-16 21:29:20.429750 PDT | StdReturn           8341.83
2017-08-16 21:29:20.429846 PDT | MaxReturn          22700
2017-08-16 21:29:20.429943 PDT | MinReturn              0
2017-08-16 21:29:20.430048 PDT | AveragePolicyStd       0.965895
2017-08-16 21:29:20.430147 PDT | LossBefore            -0.00241636
2017-08-16 21:29:20.430244 PDT | LossAfter             -0.00274755
2017-08-16 21:29:20.430371 PDT | MeanKL                 0.000227347
2017-08-16 21:29:20.430491 PDT | MaxKL                  0.000439437
2017-08-16 21:29:20.430651 PDT | Time                1799.06
2017-08-16 21:29:20.430752 PDT | ItrTime              177.668
2017-08-16 21:29:20.430851 PDT | -----------------  ---------------
2017-08-16 21:29:20.431039 PDT | [point_2] itr #10 | Obtaining samples...
2017-08-16 21:32:18.030430 PDT | [point_2] itr #10 | Processing samples...
2017-08-16 21:32:18.034627 PDT | [point_2] itr #10 | fitting baseline...
2017-08-16 21:32:18.077954 PDT | [point_2] itr #10 | fitted
2017-08-16 21:32:18.135466 PDT | [point_2] itr #10 | Logging diagnostics...
2017-08-16 21:32:18.138879 PDT | [point_2] itr #10 | Optimizing policy...
2017-08-16 21:32:18.139058 PDT | [point_2] itr #10 | optimizing policy
2017-08-16 21:32:18.193946 PDT | [point_2] itr #10 | Saving snapshot...
2017-08-16 21:32:18.199683 PDT | [point_2] itr #10 | Saved
2017-08-16 21:32:18.200862 PDT | [point_2] itr #10 | Saving visualization of paths
2017-08-16 21:32:18.591143 PDT | -----------------  ---------------
2017-08-16 21:32:18.591327 PDT | AverageReturn      14008.4
2017-08-16 21:32:18.591438 PDT | ExplainedVariance      0.734821
2017-08-16 21:32:18.591542 PDT | NumTrajs             334
2017-08-16 21:32:18.591645 PDT | Entropy                2.76726
2017-08-16 21:32:18.591746 PDT | Perplexity            15.9149
2017-08-16 21:32:18.591848 PDT | StdReturn           8280.75
2017-08-16 21:32:18.591993 PDT | MaxReturn          22200
2017-08-16 21:32:18.592096 PDT | MinReturn              0
2017-08-16 21:32:18.592197 PDT | AveragePolicyStd       0.965319
2017-08-16 21:32:18.592298 PDT | LossBefore            -0.00946639
2017-08-16 21:32:18.592398 PDT | LossAfter             -0.00971523
2017-08-16 21:32:18.592499 PDT | MeanKL                 0.000213844
2017-08-16 21:32:18.592600 PDT | MaxKL                  0.000407606
2017-08-16 21:32:18.592700 PDT | Time                1977.24
2017-08-16 21:32:18.592801 PDT | ItrTime              177.77
2017-08-16 21:32:18.592901 PDT | -----------------  ---------------
2017-08-16 21:32:18.593118 PDT | [point_2] itr #11 | Obtaining samples...
2017-08-16 21:35:15.801971 PDT | [point_2] itr #11 | Processing samples...
2017-08-16 21:35:15.806265 PDT | [point_2] itr #11 | fitting baseline...
2017-08-16 21:35:15.836378 PDT | [point_2] itr #11 | fitted
2017-08-16 21:35:15.899626 PDT | [point_2] itr #11 | Logging diagnostics...
2017-08-16 21:35:15.903714 PDT | [point_2] itr #11 | Optimizing policy...
2017-08-16 21:35:15.903954 PDT | [point_2] itr #11 | optimizing policy
2017-08-16 21:35:15.956847 PDT | [point_2] itr #11 | Saving snapshot...
2017-08-16 21:35:15.962586 PDT | [point_2] itr #11 | Saved
2017-08-16 21:35:15.962935 PDT | [point_2] itr #11 | Saving visualization of paths
2017-08-16 21:35:16.330841 PDT | -----------------  ---------------
2017-08-16 21:35:16.331022 PDT | AverageReturn      14281.4
2017-08-16 21:35:16.331130 PDT | ExplainedVariance      0.745157
2017-08-16 21:35:16.331228 PDT | NumTrajs             334
2017-08-16 21:35:16.331325 PDT | Entropy                2.76252
2017-08-16 21:35:16.331501 PDT | Perplexity            15.8397
2017-08-16 21:35:16.331716 PDT | StdReturn           8209.66
2017-08-16 21:35:16.331933 PDT | MaxReturn          22500
2017-08-16 21:35:16.332143 PDT | MinReturn              0
2017-08-16 21:35:16.332293 PDT | AveragePolicyStd       0.963036
2017-08-16 21:35:16.332477 PDT | LossBefore            -0.00384168
2017-08-16 21:35:16.332650 PDT | LossAfter             -0.00404979
2017-08-16 21:35:16.332868 PDT | MeanKL                 8.71216e-05
2017-08-16 21:35:16.333084 PDT | MaxKL                  0.000269506
2017-08-16 21:35:16.333292 PDT | Time                2155
2017-08-16 21:35:16.333464 PDT | ItrTime              177.37
2017-08-16 21:35:16.333567 PDT | -----------------  ---------------
2017-08-16 21:35:16.333736 PDT | [point_2] itr #12 | Obtaining samples...
2017-08-16 21:38:24.577214 PDT | [point_2] itr #12 | Processing samples...
2017-08-16 21:38:24.582624 PDT | [point_2] itr #12 | fitting baseline...
2017-08-16 21:38:24.612146 PDT | [point_2] itr #12 | fitted
2017-08-16 21:38:24.666478 PDT | [point_2] itr #12 | Logging diagnostics...
2017-08-16 21:38:24.670350 PDT | [point_2] itr #12 | Optimizing policy...
2017-08-16 21:38:24.670760 PDT | [point_2] itr #12 | optimizing policy
2017-08-16 21:38:24.724258 PDT | [point_2] itr #12 | Saving snapshot...
2017-08-16 21:38:24.729576 PDT | [point_2] itr #12 | Saved
2017-08-16 21:38:24.729839 PDT | [point_2] itr #12 | Saving visualization of paths
2017-08-16 21:38:25.130493 PDT | -----------------  ---------------
2017-08-16 21:38:25.130803 PDT | AverageReturn      13358.4
2017-08-16 21:38:25.130972 PDT | ExplainedVariance      0.714253
2017-08-16 21:38:25.131077 PDT | NumTrajs             334
2017-08-16 21:38:25.131234 PDT | Entropy                2.7606
2017-08-16 21:38:25.131335 PDT | Perplexity            15.8093
2017-08-16 21:38:25.131435 PDT | StdReturn           8691.02
2017-08-16 21:38:25.131532 PDT | MaxReturn          22400
2017-08-16 21:38:25.131675 PDT | MinReturn              0
2017-08-16 21:38:25.131801 PDT | AveragePolicyStd       0.962114
2017-08-16 21:38:25.131909 PDT | LossBefore            -0.00288536
2017-08-16 21:38:25.132013 PDT | LossAfter             -0.00320776
2017-08-16 21:38:25.132114 PDT | MeanKL                 0.000248262
2017-08-16 21:38:25.132215 PDT | MaxKL                  0.000459228
2017-08-16 21:38:25.132315 PDT | Time                2343.77
2017-08-16 21:38:25.132415 PDT | ItrTime              188.396
2017-08-16 21:38:25.132514 PDT | -----------------  ---------------
2017-08-16 21:38:25.132768 PDT | [point_2] itr #13 | Obtaining samples...
2017-08-16 21:41:21.347360 PDT | [point_2] itr #13 | Processing samples...
2017-08-16 21:41:21.351572 PDT | [point_2] itr #13 | fitting baseline...
2017-08-16 21:41:21.380911 PDT | [point_2] itr #13 | fitted
2017-08-16 21:41:21.440995 PDT | [point_2] itr #13 | Logging diagnostics...
2017-08-16 21:41:21.444548 PDT | [point_2] itr #13 | Optimizing policy...
2017-08-16 21:41:21.444894 PDT | [point_2] itr #13 | optimizing policy
2017-08-16 21:41:21.495063 PDT | [point_2] itr #13 | Saving snapshot...
2017-08-16 21:41:21.498841 PDT | [point_2] itr #13 | Saved
2017-08-16 21:41:21.499005 PDT | [point_2] itr #13 | Saving visualization of paths
2017-08-16 21:41:21.875015 PDT | -----------------  ---------------
2017-08-16 21:41:21.875205 PDT | AverageReturn      14910.2
2017-08-16 21:41:21.875324 PDT | ExplainedVariance      0.755422
2017-08-16 21:41:21.875447 PDT | NumTrajs             334
2017-08-16 21:41:21.875549 PDT | Entropy                2.75916
2017-08-16 21:41:21.875655 PDT | Perplexity            15.7866
2017-08-16 21:41:21.875789 PDT | StdReturn           7992.05
2017-08-16 21:41:21.875989 PDT | MaxReturn          22500
2017-08-16 21:41:21.876214 PDT | MinReturn              0
2017-08-16 21:41:21.876426 PDT | AveragePolicyStd       0.961424
2017-08-16 21:41:21.876634 PDT | LossBefore            -0.00675948
2017-08-16 21:41:21.876841 PDT | LossAfter             -0.00714943
2017-08-16 21:41:21.876985 PDT | MeanKL                 0.000213796
2017-08-16 21:41:21.877121 PDT | MaxKL                  0.000630237
2017-08-16 21:41:21.877241 PDT | Time                2520.54
2017-08-16 21:41:21.877342 PDT | ItrTime              176.366
2017-08-16 21:41:21.877447 PDT | -----------------  ---------------
2017-08-16 21:41:21.877625 PDT | [point_2] itr #14 | Obtaining samples...
2017-08-16 21:44:17.386122 PDT | [point_2] itr #14 | Processing samples...
2017-08-16 21:44:17.390542 PDT | [point_2] itr #14 | fitting baseline...
2017-08-16 21:44:17.420128 PDT | [point_2] itr #14 | fitted
2017-08-16 21:44:17.484599 PDT | [point_2] itr #14 | Logging diagnostics...
2017-08-16 21:44:17.488619 PDT | [point_2] itr #14 | Optimizing policy...
2017-08-16 21:44:17.489014 PDT | [point_2] itr #14 | optimizing policy
2017-08-16 21:44:17.542392 PDT | [point_2] itr #14 | Saving snapshot...
2017-08-16 21:44:17.549770 PDT | [point_2] itr #14 | Saved
2017-08-16 21:44:17.549961 PDT | [point_2] itr #14 | Saving visualization of paths
2017-08-16 21:44:17.922628 PDT | -----------------  ---------------
2017-08-16 21:44:17.922821 PDT | AverageReturn      14962.9
2017-08-16 21:44:17.922955 PDT | ExplainedVariance      0.766943
2017-08-16 21:44:17.923097 PDT | NumTrajs             334
2017-08-16 21:44:17.923229 PDT | Entropy                2.75578
2017-08-16 21:44:17.923357 PDT | Perplexity            15.7333
2017-08-16 21:44:17.923484 PDT | StdReturn           7995.83
2017-08-16 21:44:17.923613 PDT | MaxReturn          23100
2017-08-16 21:44:17.923742 PDT | MinReturn              0
2017-08-16 21:44:17.923868 PDT | AveragePolicyStd       0.959808
2017-08-16 21:44:17.924016 PDT | LossBefore            -0.00534235
2017-08-16 21:44:17.924172 PDT | LossAfter             -0.00570517
2017-08-16 21:44:17.924351 PDT | MeanKL                 0.000152511
2017-08-16 21:44:17.924529 PDT | MaxKL                  0.000748713
2017-08-16 21:44:17.924668 PDT | Time                2696.59
2017-08-16 21:44:17.924855 PDT | ItrTime              175.672
2017-08-16 21:44:17.924965 PDT | -----------------  ---------------
2017-08-16 21:44:17.925151 PDT | [point_2] itr #15 | Obtaining samples...
2017-08-16 21:47:15.610879 PDT | [point_2] itr #15 | Processing samples...
2017-08-16 21:47:15.615172 PDT | [point_2] itr #15 | fitting baseline...
2017-08-16 21:47:15.664596 PDT | [point_2] itr #15 | fitted
2017-08-16 21:47:15.753671 PDT | [point_2] itr #15 | Logging diagnostics...
2017-08-16 21:47:15.756762 PDT | [point_2] itr #15 | Optimizing policy...
2017-08-16 21:47:15.756993 PDT | [point_2] itr #15 | optimizing policy
2017-08-16 21:47:15.807562 PDT | [point_2] itr #15 | Saving snapshot...
2017-08-16 21:47:15.812561 PDT | [point_2] itr #15 | Saved
2017-08-16 21:47:15.812849 PDT | [point_2] itr #15 | Saving visualization of paths
2017-08-16 21:47:16.201413 PDT | -----------------  ---------------
2017-08-16 21:47:16.201846 PDT | AverageReturn      16076
2017-08-16 21:47:16.202180 PDT | ExplainedVariance      0.767705
2017-08-16 21:47:16.202494 PDT | NumTrajs             334
2017-08-16 21:47:16.202802 PDT | Entropy                2.75311
2017-08-16 21:47:16.203145 PDT | Perplexity            15.6913
2017-08-16 21:47:16.203476 PDT | StdReturn           7374.05
2017-08-16 21:47:16.203775 PDT | MaxReturn          22600
2017-08-16 21:47:16.204103 PDT | MinReturn              0
2017-08-16 21:47:16.204389 PDT | AveragePolicyStd       0.958521
2017-08-16 21:47:16.204721 PDT | LossBefore            -0.00680856
2017-08-16 21:47:16.205045 PDT | LossAfter             -0.00710953
2017-08-16 21:47:16.205351 PDT | MeanKL                 0.000146499
2017-08-16 21:47:16.205552 PDT | MaxKL                  0.000368282
2017-08-16 21:47:16.205753 PDT | Time                2874.85
2017-08-16 21:47:16.205927 PDT | ItrTime              177.888
2017-08-16 21:47:16.206147 PDT | -----------------  ---------------
2017-08-16 21:47:16.206467 PDT | [point_2] itr #16 | Obtaining samples...
2017-08-16 21:50:13.442517 PDT | [point_2] itr #16 | Processing samples...
2017-08-16 21:50:13.446941 PDT | [point_2] itr #16 | fitting baseline...
2017-08-16 21:50:13.484214 PDT | [point_2] itr #16 | fitted
2017-08-16 21:50:13.558099 PDT | [point_2] itr #16 | Logging diagnostics...
2017-08-16 21:50:13.561927 PDT | [point_2] itr #16 | Optimizing policy...
2017-08-16 21:50:13.562358 PDT | [point_2] itr #16 | optimizing policy
2017-08-16 21:50:13.616562 PDT | [point_2] itr #16 | Saving snapshot...
2017-08-16 21:50:13.621071 PDT | [point_2] itr #16 | Saved
2017-08-16 21:50:13.621316 PDT | [point_2] itr #16 | Saving visualization of paths
2017-08-16 21:50:13.983406 PDT | -----------------  ---------------
2017-08-16 21:50:13.983584 PDT | AverageReturn      15861.7
2017-08-16 21:50:13.983702 PDT | ExplainedVariance      0.763067
2017-08-16 21:50:13.983875 PDT | NumTrajs             334
2017-08-16 21:50:13.984057 PDT | Entropy                2.7497
2017-08-16 21:50:13.984216 PDT | Perplexity            15.638
2017-08-16 21:50:13.984316 PDT | StdReturn           7703.95
2017-08-16 21:50:13.984417 PDT | MaxReturn          23200
2017-08-16 21:50:13.984514 PDT | MinReturn              0
2017-08-16 21:50:13.984611 PDT | AveragePolicyStd       0.956896
2017-08-16 21:50:13.984707 PDT | LossBefore            -0.00317373
2017-08-16 21:50:13.984803 PDT | LossAfter             -0.00342832
2017-08-16 21:50:13.984898 PDT | MeanKL                 8.9523e-05
2017-08-16 21:50:13.984994 PDT | MaxKL                  0.000228249
2017-08-16 21:50:13.985091 PDT | Time                3052.66
2017-08-16 21:50:13.985208 PDT | ItrTime              177.415
2017-08-16 21:50:13.985341 PDT | -----------------  ---------------
2017-08-16 21:50:13.985551 PDT | [point_2] itr #17 | Obtaining samples...
2017-08-16 21:53:10.714762 PDT | [point_2] itr #17 | Processing samples...
2017-08-16 21:53:10.719564 PDT | [point_2] itr #17 | fitting baseline...
2017-08-16 21:53:10.748267 PDT | [point_2] itr #17 | fitted
2017-08-16 21:53:10.809200 PDT | [point_2] itr #17 | Logging diagnostics...
2017-08-16 21:53:10.813631 PDT | [point_2] itr #17 | Optimizing policy...
2017-08-16 21:53:10.814092 PDT | [point_2] itr #17 | optimizing policy
2017-08-16 21:53:10.873878 PDT | [point_2] itr #17 | Saving snapshot...
2017-08-16 21:53:10.878355 PDT | [point_2] itr #17 | Saved
2017-08-16 21:53:10.878525 PDT | [point_2] itr #17 | Saving visualization of paths
2017-08-16 21:53:11.253356 PDT | -----------------  ---------------
2017-08-16 21:53:11.253541 PDT | AverageReturn      16078.4
2017-08-16 21:53:11.253657 PDT | ExplainedVariance      0.778919
2017-08-16 21:53:11.253781 PDT | NumTrajs             334
2017-08-16 21:53:11.253900 PDT | Entropy                2.74812
2017-08-16 21:53:11.254019 PDT | Perplexity            15.6132
2017-08-16 21:53:11.254136 PDT | StdReturn           7567.75
2017-08-16 21:53:11.254250 PDT | MaxReturn          22800
2017-08-16 21:53:11.254352 PDT | MinReturn              0
2017-08-16 21:53:11.254452 PDT | AveragePolicyStd       0.956141
2017-08-16 21:53:11.254550 PDT | LossBefore            -0.00784565
2017-08-16 21:53:11.254648 PDT | LossAfter             -0.00832778
2017-08-16 21:53:11.254747 PDT | MeanKL                 0.000428204
2017-08-16 21:53:11.254854 PDT | MaxKL                  0.00086676
2017-08-16 21:53:11.254966 PDT | Time                3229.92
2017-08-16 21:53:11.255064 PDT | ItrTime              176.893
2017-08-16 21:53:11.255165 PDT | -----------------  ---------------
2017-08-16 21:53:11.255336 PDT | [point_2] itr #18 | Obtaining samples...
2017-08-16 21:56:19.633688 PDT | [point_2] itr #18 | Processing samples...
2017-08-16 21:56:19.637724 PDT | [point_2] itr #18 | fitting baseline...
2017-08-16 21:56:19.684368 PDT | [point_2] itr #18 | fitted
2017-08-16 21:56:19.770274 PDT | [point_2] itr #18 | Logging diagnostics...
2017-08-16 21:56:19.773999 PDT | [point_2] itr #18 | Optimizing policy...
2017-08-16 21:56:19.774172 PDT | [point_2] itr #18 | optimizing policy
2017-08-16 21:56:19.824161 PDT | [point_2] itr #18 | Saving snapshot...
2017-08-16 21:56:19.828130 PDT | [point_2] itr #18 | Saved
2017-08-16 21:56:19.828405 PDT | [point_2] itr #18 | Saving visualization of paths
2017-08-16 21:56:20.217756 PDT | -----------------  ---------------
2017-08-16 21:56:20.217941 PDT | AverageReturn      17733.8
2017-08-16 21:56:20.218054 PDT | ExplainedVariance      0.81545
2017-08-16 21:56:20.218160 PDT | NumTrajs             334
2017-08-16 21:56:20.218262 PDT | Entropy                2.74419
2017-08-16 21:56:20.218362 PDT | Perplexity            15.5521
2017-08-16 21:56:20.218461 PDT | StdReturn           6088.2
2017-08-16 21:56:20.218560 PDT | MaxReturn          22500
2017-08-16 21:56:20.218658 PDT | MinReturn              0
2017-08-16 21:56:20.218757 PDT | AveragePolicyStd       0.954273
2017-08-16 21:56:20.218856 PDT | LossBefore            -0.00517004
2017-08-16 21:56:20.218977 PDT | LossAfter             -0.00551622
2017-08-16 21:56:20.219194 PDT | MeanKL                 6.10806e-05
2017-08-16 21:56:20.219411 PDT | MaxKL                  0.000278316
2017-08-16 21:56:20.219625 PDT | Time                3418.86
2017-08-16 21:56:20.219847 PDT | ItrTime              188.573
2017-08-16 21:56:20.220069 PDT | -----------------  ---------------
2017-08-16 21:56:20.220305 PDT | [point_2] itr #19 | Obtaining samples...
2017-08-16 21:59:16.121803 PDT | [point_2] itr #19 | Processing samples...
2017-08-16 21:59:16.126636 PDT | [point_2] itr #19 | fitting baseline...
2017-08-16 21:59:16.160078 PDT | [point_2] itr #19 | fitted
2017-08-16 21:59:16.253471 PDT | [point_2] itr #19 | Logging diagnostics...
2017-08-16 21:59:16.256680 PDT | [point_2] itr #19 | Optimizing policy...
2017-08-16 21:59:16.256868 PDT | [point_2] itr #19 | optimizing policy
2017-08-16 21:59:16.306120 PDT | [point_2] itr #19 | Saving snapshot...
2017-08-16 21:59:16.311180 PDT | [point_2] itr #19 | Saved
2017-08-16 21:59:16.311587 PDT | [point_2] itr #19 | Saving visualization of paths
2017-08-16 21:59:16.746414 PDT | -----------------  ---------------
2017-08-16 21:59:16.746600 PDT | AverageReturn      17300.3
2017-08-16 21:59:16.746711 PDT | ExplainedVariance      0.796706
2017-08-16 21:59:16.746816 PDT | NumTrajs             334
2017-08-16 21:59:16.746918 PDT | Entropy                2.74161
2017-08-16 21:59:16.747019 PDT | Perplexity            15.5119
2017-08-16 21:59:16.747120 PDT | StdReturn           6764.39
2017-08-16 21:59:16.747221 PDT | MaxReturn          22800
2017-08-16 21:59:16.747321 PDT | MinReturn              0
2017-08-16 21:59:16.747421 PDT | AveragePolicyStd       0.953056
2017-08-16 21:59:16.747522 PDT | LossBefore            -0.00836917
2017-08-16 21:59:16.747622 PDT | LossAfter             -0.00865947
2017-08-16 21:59:16.747723 PDT | MeanKL                 0.000113294
2017-08-16 21:59:16.747823 PDT | MaxKL                  0.000431418
2017-08-16 21:59:16.747931 PDT | Time                3595.35
2017-08-16 21:59:16.748032 PDT | ItrTime              176.091
2017-08-16 21:59:16.748133 PDT | -----------------  ---------------
2017-08-16 21:59:16.748305 PDT | [point_2] itr #20 | Obtaining samples...
2017-08-16 22:02:13.555939 PDT | [point_2] itr #20 | Processing samples...
2017-08-16 22:02:13.560249 PDT | [point_2] itr #20 | fitting baseline...
2017-08-16 22:02:13.589396 PDT | [point_2] itr #20 | fitted
2017-08-16 22:02:13.647148 PDT | [point_2] itr #20 | Logging diagnostics...
2017-08-16 22:02:13.651288 PDT | [point_2] itr #20 | Optimizing policy...
2017-08-16 22:02:13.651624 PDT | [point_2] itr #20 | optimizing policy
2017-08-16 22:02:13.705118 PDT | [point_2] itr #20 | Saving snapshot...
2017-08-16 22:02:13.710267 PDT | [point_2] itr #20 | Saved
2017-08-16 22:02:13.710554 PDT | [point_2] itr #20 | Saving visualization of paths
2017-08-16 22:02:14.125235 PDT | -----------------  ---------------
2017-08-16 22:02:14.125526 PDT | AverageReturn      17332.9
2017-08-16 22:02:14.125651 PDT | ExplainedVariance      0.793808
2017-08-16 22:02:14.125768 PDT | NumTrajs             334
2017-08-16 22:02:14.125874 PDT | Entropy                2.73742
2017-08-16 22:02:14.125977 PDT | Perplexity            15.4472
2017-08-16 22:02:14.126078 PDT | StdReturn           6905.39
2017-08-16 22:02:14.126178 PDT | MaxReturn          23000
2017-08-16 22:02:14.126278 PDT | MinReturn              0
2017-08-16 22:02:14.126378 PDT | AveragePolicyStd       0.951069
2017-08-16 22:02:14.126476 PDT | LossBefore            -0.00552092
2017-08-16 22:02:14.126575 PDT | LossAfter             -0.005836
2017-08-16 22:02:14.126673 PDT | MeanKL                 0.000151224
2017-08-16 22:02:14.126771 PDT | MaxKL                  0.0005145
2017-08-16 22:02:14.126872 PDT | Time                3772.75
2017-08-16 22:02:14.126972 PDT | ItrTime              176.962
2017-08-16 22:02:14.127072 PDT | -----------------  ---------------
2017-08-16 22:02:14.127274 PDT | [point_2] itr #21 | Obtaining samples...
2017-08-16 22:05:11.365273 PDT | [point_2] itr #21 | Processing samples...
2017-08-16 22:05:11.370436 PDT | [point_2] itr #21 | fitting baseline...
2017-08-16 22:05:11.398692 PDT | [point_2] itr #21 | fitted
2017-08-16 22:05:11.464017 PDT | [point_2] itr #21 | Logging diagnostics...
2017-08-16 22:05:11.468225 PDT | [point_2] itr #21 | Optimizing policy...
2017-08-16 22:05:11.468514 PDT | [point_2] itr #21 | optimizing policy
2017-08-16 22:05:11.523240 PDT | [point_2] itr #21 | Saving snapshot...
2017-08-16 22:05:11.528656 PDT | [point_2] itr #21 | Saved
2017-08-16 22:05:11.529633 PDT | [point_2] itr #21 | Saving visualization of paths
2017-08-16 22:05:11.912020 PDT | -----------------  ---------------
2017-08-16 22:05:11.912321 PDT | AverageReturn      17835.3
2017-08-16 22:05:11.912522 PDT | ExplainedVariance      0.813271
2017-08-16 22:05:11.912691 PDT | NumTrajs             334
2017-08-16 22:05:11.912833 PDT | Entropy                2.73466
2017-08-16 22:05:11.912959 PDT | Perplexity            15.4046
2017-08-16 22:05:11.913071 PDT | StdReturn           6239.69
2017-08-16 22:05:11.913204 PDT | MaxReturn          22900
2017-08-16 22:05:11.913401 PDT | MinReturn              0
2017-08-16 22:05:11.913583 PDT | AveragePolicyStd       0.949763
2017-08-16 22:05:11.913782 PDT | LossBefore            -0.00863784
2017-08-16 22:05:11.913965 PDT | LossAfter             -0.00890564
2017-08-16 22:05:11.914138 PDT | MeanKL                 6.00871e-05
2017-08-16 22:05:11.914320 PDT | MaxKL                  0.000290379
2017-08-16 22:05:11.914445 PDT | Time                3950.57
2017-08-16 22:05:11.914548 PDT | ItrTime              177.402
2017-08-16 22:05:11.914668 PDT | -----------------  ---------------
2017-08-16 22:05:11.914871 PDT | [point_2] itr #22 | Obtaining samples...
2017-08-16 22:08:09.640394 PDT | [point_2] itr #22 | Processing samples...
2017-08-16 22:08:09.646387 PDT | [point_2] itr #22 | fitting baseline...
2017-08-16 22:08:09.675094 PDT | [point_2] itr #22 | fitted
2017-08-16 22:08:09.753832 PDT | [point_2] itr #22 | Logging diagnostics...
2017-08-16 22:08:09.757647 PDT | [point_2] itr #22 | Optimizing policy...
