2017-08-02 14:48:09.649240 PDT | [point_11] Populating workers...
2017-08-02 14:48:09.649466 PDT | [point_11] Populated
2017-08-02 14:48:09.649597 PDT | [point_11] itr #0 | Obtaining samples...
2017-08-02 14:48:28.959079 PDT | [point_11] itr #0 | Processing samples...
2017-08-02 14:48:28.959907 PDT | [point_11] itr #0 | fitting baseline...
2017-08-02 14:48:28.969334 PDT | [point_11] itr #0 | fitted
2017-08-02 14:48:29.011560 PDT | [point_11] itr #0 | Logging diagnostics...
2017-08-02 14:48:29.012660 PDT | [point_11] itr #0 | Optimizing policy...
2017-08-02 14:48:29.013085 PDT | [point_11] itr #0 | optimizing policy
2017-08-02 14:48:29.097077 PDT | [point_11] itr #0 | Saving snapshot...
2017-08-02 14:48:29.101699 PDT | [point_11] itr #0 | Saved
2017-08-02 14:48:29.102658 PDT | -----------------  ---------
2017-08-02 14:48:29.102855 PDT | TotalExecTime      19.308
2017-08-02 14:48:29.103027 PDT | AverageReturn       0
2017-08-02 14:48:29.103196 PDT | ExplainedVariance   1
2017-08-02 14:48:29.103366 PDT | NumTrajs           20
2017-08-02 14:48:29.103549 PDT | Entropy             2.7007
2017-08-02 14:48:29.103715 PDT | Perplexity         14.8902
2017-08-02 14:48:29.103882 PDT | StdReturn           0
2017-08-02 14:48:29.104102 PDT | MaxReturn           0
2017-08-02 14:48:29.104268 PDT | MinReturn           0
2017-08-02 14:48:29.104432 PDT | AveragePolicyStd    0.935103
2017-08-02 14:48:29.104681 PDT | LossBefore         -0
2017-08-02 14:48:29.104852 PDT | LossAfter          -0
2017-08-02 14:48:29.105021 PDT | MeanKL              0
2017-08-02 14:48:29.105284 PDT | MaxKL               0
2017-08-02 14:48:29.105460 PDT | Time               19.4523
2017-08-02 14:48:29.105630 PDT | ItrTime            19.4523
2017-08-02 14:48:29.105797 PDT | -----------------  ---------
2017-08-02 14:48:29.106126 PDT | [point_11] itr #1 | Obtaining samples...
2017-08-02 14:48:48.474347 PDT | [point_11] itr #1 | Processing samples...
2017-08-02 14:48:48.474725 PDT | [point_11] itr #1 | fitting baseline...
2017-08-02 14:48:48.501999 PDT | [point_11] itr #1 | fitted
2017-08-02 14:48:48.522436 PDT | [point_11] itr #1 | Logging diagnostics...
2017-08-02 14:48:48.527206 PDT | [point_11] itr #1 | Optimizing policy...
2017-08-02 14:48:48.527571 PDT | [point_11] itr #1 | optimizing policy
2017-08-02 14:48:48.624839 PDT | [point_11] itr #1 | Saving snapshot...
2017-08-02 14:48:48.631300 PDT | [point_11] itr #1 | Saved
2017-08-02 14:48:48.632696 PDT | -----------------  ---------
2017-08-02 14:48:48.632905 PDT | TotalExecTime      19.367
2017-08-02 14:48:48.633086 PDT | AverageReturn       0
2017-08-02 14:48:48.633833 PDT | ExplainedVariance   1
2017-08-02 14:48:48.634021 PDT | NumTrajs           20
2017-08-02 14:48:48.634800 PDT | Entropy             2.7007
2017-08-02 14:48:48.635004 PDT | Perplexity         14.8902
2017-08-02 14:48:48.635187 PDT | StdReturn           0
2017-08-02 14:48:48.635363 PDT | MaxReturn           0
2017-08-02 14:48:48.635902 PDT | MinReturn           0
2017-08-02 14:48:48.636552 PDT | AveragePolicyStd    0.935103
2017-08-02 14:48:48.636849 PDT | LossBefore         -0
2017-08-02 14:48:48.637127 PDT | LossAfter          -0
2017-08-02 14:48:48.637338 PDT | MeanKL              0
2017-08-02 14:48:48.637512 PDT | MaxKL               0
2017-08-02 14:48:48.637682 PDT | Time               38.982
2017-08-02 14:48:48.637855 PDT | ItrTime            19.5255
2017-08-02 14:48:48.638024 PDT | -----------------  ---------
2017-08-02 14:48:48.638419 PDT | [point_11] itr #2 | Obtaining samples...
2017-08-02 14:49:06.799255 PDT | [point_11] itr #2 | Processing samples...
2017-08-02 14:49:06.799840 PDT | [point_11] itr #2 | fitting baseline...
2017-08-02 14:49:06.848138 PDT | [point_11] itr #2 | fitted
2017-08-02 14:49:06.872030 PDT | [point_11] itr #2 | Logging diagnostics...
2017-08-02 14:49:06.872687 PDT | [point_11] itr #2 | Optimizing policy...
2017-08-02 14:49:06.872887 PDT | [point_11] itr #2 | optimizing policy
2017-08-02 14:49:06.923471 PDT | [point_11] itr #2 | Saving snapshot...
2017-08-02 14:49:06.936364 PDT | [point_11] itr #2 | Saved
2017-08-02 14:49:06.941564 PDT | -----------------  ---------
2017-08-02 14:49:06.943942 PDT | TotalExecTime      18.1589
2017-08-02 14:49:06.944779 PDT | AverageReturn       0
2017-08-02 14:49:06.945459 PDT | ExplainedVariance   1
2017-08-02 14:49:06.946118 PDT | NumTrajs           20
2017-08-02 14:49:06.947963 PDT | Entropy             2.7007
2017-08-02 14:49:06.948282 PDT | Perplexity         14.8902
2017-08-02 14:49:06.948552 PDT | StdReturn           0
2017-08-02 14:49:06.948817 PDT | MaxReturn           0
2017-08-02 14:49:06.950433 PDT | MinReturn           0
2017-08-02 14:49:06.950710 PDT | AveragePolicyStd    0.935103
2017-08-02 14:49:06.950979 PDT | LossBefore         -0
2017-08-02 14:49:06.951241 PDT | LossAfter          -0
2017-08-02 14:49:06.951503 PDT | MeanKL              0
2017-08-02 14:49:06.951774 PDT | MaxKL               0
2017-08-02 14:49:06.952074 PDT | Time               57.2912
2017-08-02 14:49:06.952342 PDT | ItrTime            18.3024
2017-08-02 14:49:06.952604 PDT | -----------------  ---------
2017-08-02 14:49:06.952973 PDT | [point_11] itr #3 | Obtaining samples...
2017-08-02 14:49:26.541448 PDT | [point_11] itr #3 | Processing samples...
2017-08-02 14:49:26.541903 PDT | [point_11] itr #3 | fitting baseline...
2017-08-02 14:49:26.545725 PDT | [point_11] itr #3 | fitted
2017-08-02 14:49:26.562666 PDT | [point_11] itr #3 | Logging diagnostics...
2017-08-02 14:49:26.563666 PDT | [point_11] itr #3 | Optimizing policy...
2017-08-02 14:49:26.564112 PDT | [point_11] itr #3 | optimizing policy
2017-08-02 14:49:26.602912 PDT | [point_11] itr #3 | Saving snapshot...
2017-08-02 14:49:26.613834 PDT | [point_11] itr #3 | Saved
2017-08-02 14:49:26.615944 PDT | -----------------  ---------
2017-08-02 14:49:26.616324 PDT | TotalExecTime      19.5861
2017-08-02 14:49:26.616476 PDT | AverageReturn       0
2017-08-02 14:49:26.616611 PDT | ExplainedVariance   1
2017-08-02 14:49:26.616736 PDT | NumTrajs           20
2017-08-02 14:49:26.616859 PDT | Entropy             2.7007
2017-08-02 14:49:26.616982 PDT | Perplexity         14.8902
2017-08-02 14:49:26.617118 PDT | StdReturn           0
2017-08-02 14:49:26.617253 PDT | MaxReturn           0
2017-08-02 14:49:26.617379 PDT | MinReturn           0
2017-08-02 14:49:26.617509 PDT | AveragePolicyStd    0.935103
2017-08-02 14:49:26.617643 PDT | LossBefore         -0
2017-08-02 14:49:26.617777 PDT | LossAfter          -0
2017-08-02 14:49:26.617910 PDT | MeanKL              0
2017-08-02 14:49:26.618142 PDT | MaxKL               0
2017-08-02 14:49:26.618352 PDT | Time               76.9645
2017-08-02 14:49:26.618557 PDT | ItrTime            19.6612
2017-08-02 14:49:26.618748 PDT | -----------------  ---------
2017-08-02 14:49:26.619005 PDT | [point_11] itr #4 | Obtaining samples...
2017-08-02 14:49:45.940106 PDT | [point_11] itr #4 | Processing samples...
2017-08-02 14:49:45.940700 PDT | [point_11] itr #4 | fitting baseline...
2017-08-02 14:49:45.944274 PDT | [point_11] itr #4 | fitted
2017-08-02 14:49:45.956504 PDT | [point_11] itr #4 | Logging diagnostics...
2017-08-02 14:49:45.957027 PDT | [point_11] itr #4 | Optimizing policy...
2017-08-02 14:49:45.957203 PDT | [point_11] itr #4 | optimizing policy
2017-08-02 14:49:45.980024 PDT | [point_11] itr #4 | Saving snapshot...
2017-08-02 14:49:45.989153 PDT | [point_11] itr #4 | Saved
2017-08-02 14:49:45.993086 PDT | -----------------  ---------
2017-08-02 14:49:45.993487 PDT | TotalExecTime      19.3182
2017-08-02 14:49:45.995420 PDT | AverageReturn       0
2017-08-02 14:49:45.998567 PDT | ExplainedVariance   1
2017-08-02 14:49:45.998953 PDT | NumTrajs           20
2017-08-02 14:49:45.999160 PDT | Entropy             2.7007
2017-08-02 14:49:46.001823 PDT | Perplexity         14.8902
2017-08-02 14:49:46.003028 PDT | StdReturn           0
2017-08-02 14:49:46.005643 PDT | MaxReturn           0
2017-08-02 14:49:46.007581 PDT | MinReturn           0
2017-08-02 14:49:46.007904 PDT | AveragePolicyStd    0.935103
2017-08-02 14:49:46.008203 PDT | LossBefore         -0
2017-08-02 14:49:46.014470 PDT | LossAfter          -0
2017-08-02 14:49:46.014906 PDT | MeanKL              0
2017-08-02 14:49:46.016221 PDT | MaxKL               0
2017-08-02 14:49:46.017308 PDT | Time               96.3398
2017-08-02 14:49:46.017638 PDT | ItrTime            19.3704
2017-08-02 14:49:46.018025 PDT | -----------------  ---------
2017-08-02 14:49:46.022989 PDT | [point_11] itr #5 | Obtaining samples...
2017-08-02 14:50:05.479092 PDT | [point_11] itr #5 | Processing samples...
2017-08-02 14:50:05.479748 PDT | [point_11] itr #5 | fitting baseline...
2017-08-02 14:50:05.494372 PDT | [point_11] itr #5 | fitted
2017-08-02 14:50:05.540397 PDT | [point_11] itr #5 | Logging diagnostics...
2017-08-02 14:50:05.541040 PDT | [point_11] itr #5 | Optimizing policy...
2017-08-02 14:50:05.546046 PDT | [point_11] itr #5 | optimizing policy
2017-08-02 14:50:05.565910 PDT | [point_11] itr #5 | Saving snapshot...
2017-08-02 14:50:05.579034 PDT | [point_11] itr #5 | Saved
2017-08-02 14:50:05.581056 PDT | -----------------  ----------
2017-08-02 14:50:05.582007 PDT | TotalExecTime       19.4491
2017-08-02 14:50:05.582550 PDT | AverageReturn        0
2017-08-02 14:50:05.583024 PDT | ExplainedVariance    1
2017-08-02 14:50:05.583831 PDT | NumTrajs            20
2017-08-02 14:50:05.584340 PDT | Entropy              2.7007
2017-08-02 14:50:05.584786 PDT | Perplexity          14.8902
2017-08-02 14:50:05.586694 PDT | StdReturn            0
2017-08-02 14:50:05.587201 PDT | MaxReturn            0
2017-08-02 14:50:05.587651 PDT | MinReturn            0
2017-08-02 14:50:05.588267 PDT | AveragePolicyStd     0.935103
2017-08-02 14:50:05.588825 PDT | LossBefore          -0
2017-08-02 14:50:05.589355 PDT | LossAfter           -0
2017-08-02 14:50:05.589828 PDT | MeanKL               0
2017-08-02 14:50:05.590377 PDT | MaxKL                0
2017-08-02 14:50:05.590961 PDT | Time               115.93
2017-08-02 14:50:05.591489 PDT | ItrTime             19.5569
2017-08-02 14:50:05.591972 PDT | -----------------  ----------
2017-08-02 14:50:05.593800 PDT | [point_11] itr #6 | Obtaining samples...
2017-08-02 14:50:25.012437 PDT | [point_11] itr #6 | Processing samples...
2017-08-02 14:50:25.013189 PDT | [point_11] itr #6 | fitting baseline...
2017-08-02 14:50:25.017526 PDT | [point_11] itr #6 | fitted
2017-08-02 14:50:25.040580 PDT | [point_11] itr #6 | Logging diagnostics...
2017-08-02 14:50:25.041219 PDT | [point_11] itr #6 | Optimizing policy...
2017-08-02 14:50:25.041453 PDT | [point_11] itr #6 | optimizing policy
2017-08-02 14:50:25.059293 PDT | [point_11] itr #6 | Saving snapshot...
2017-08-02 14:50:25.065315 PDT | [point_11] itr #6 | Saved
2017-08-02 14:50:25.066848 PDT | -----------------  ----------
2017-08-02 14:50:25.067194 PDT | TotalExecTime       19.4161
2017-08-02 14:50:25.067492 PDT | AverageReturn        0
2017-08-02 14:50:25.067763 PDT | ExplainedVariance    1
2017-08-02 14:50:25.068024 PDT | NumTrajs            20
2017-08-02 14:50:25.068591 PDT | Entropy              2.7007
2017-08-02 14:50:25.070205 PDT | Perplexity          14.8902
2017-08-02 14:50:25.070472 PDT | StdReturn            0
2017-08-02 14:50:25.070786 PDT | MaxReturn            0
2017-08-02 14:50:25.073061 PDT | MinReturn            0
2017-08-02 14:50:25.073380 PDT | AveragePolicyStd     0.935103
2017-08-02 14:50:25.074127 PDT | LossBefore          -0
2017-08-02 14:50:25.074374 PDT | LossAfter           -0
2017-08-02 14:50:25.074667 PDT | MeanKL               0
2017-08-02 14:50:25.075421 PDT | MaxKL                0
2017-08-02 14:50:25.075708 PDT | Time               135.417
2017-08-02 14:50:25.075954 PDT | ItrTime             19.4724
2017-08-02 14:50:25.076203 PDT | -----------------  ----------
