2017-08-07 18:08:56.416807 PDT | [point_0] Populating workers...
2017-08-07 18:08:56.417247 PDT | [point_0] Populated
2017-08-07 18:08:56.417561 PDT | [point_0] itr #0 | Obtaining samples...
2017-08-07 18:08:57.544720 PDT | [point_0] itr #0 | Processing samples...
2017-08-07 18:08:57.545174 PDT | [point_0] itr #0 | fitting baseline...
2017-08-07 18:08:57.555146 PDT | [point_0] itr #0 | fitted
2017-08-07 18:08:57.558410 PDT | [point_0] itr #0 | Logging diagnostics...
2017-08-07 18:08:57.558834 PDT | [point_0] itr #0 | Optimizing policy...
2017-08-07 18:08:57.559071 PDT | [point_0] itr #0 | optimizing policy
2017-08-07 18:08:57.604253 PDT | [point_0] itr #0 | Saving snapshot...
2017-08-07 18:08:57.610080 PDT | [point_0] itr #0 | Saved
2017-08-07 18:08:57.611863 PDT | -----------------  ---------
2017-08-07 18:08:57.612138 PDT | TotalExecTime       1.12603
2017-08-07 18:08:57.612385 PDT | AverageReturn       0
2017-08-07 18:08:57.612626 PDT | ExplainedVariance   1
2017-08-07 18:08:57.612863 PDT | NumTrajs           20
2017-08-07 18:08:57.613110 PDT | Entropy             2.7552
2017-08-07 18:08:57.613345 PDT | Perplexity         15.7242
2017-08-07 18:08:57.613925 PDT | StdReturn           0
2017-08-07 18:08:57.614265 PDT | MaxReturn           0
2017-08-07 18:08:57.614557 PDT | MinReturn           0
2017-08-07 18:08:57.615169 PDT | AveragePolicyStd    0.959782
2017-08-07 18:08:57.615377 PDT | LossBefore         -0
2017-08-07 18:08:57.615936 PDT | LossAfter          -0
2017-08-07 18:08:57.616138 PDT | MeanKL              0
2017-08-07 18:08:57.616340 PDT | MaxKL               0
2017-08-07 18:08:57.616755 PDT | Time                1.19282
2017-08-07 18:08:57.616949 PDT | ItrTime             1.19283
2017-08-07 18:08:57.617332 PDT | -----------------  ---------
2017-08-07 18:08:57.618006 PDT | [point_0] itr #1 | Obtaining samples...
2017-08-07 18:08:58.525927 PDT | [point_0] itr #1 | Processing samples...
2017-08-07 18:08:58.526604 PDT | [point_0] itr #1 | fitting baseline...
2017-08-07 18:08:58.527758 PDT | [point_0] itr #1 | fitted
2017-08-07 18:08:58.530427 PDT | [point_0] itr #1 | Logging diagnostics...
2017-08-07 18:08:58.530940 PDT | [point_0] itr #1 | Optimizing policy...
2017-08-07 18:08:58.531206 PDT | [point_0] itr #1 | optimizing policy
2017-08-07 18:08:58.560852 PDT | [point_0] itr #1 | Saving snapshot...
2017-08-07 18:08:58.566675 PDT | [point_0] itr #1 | Saved
2017-08-07 18:08:58.567781 PDT | -----------------  ---------
2017-08-07 18:08:58.568049 PDT | TotalExecTime       0.906562
2017-08-07 18:08:58.568293 PDT | AverageReturn       0
2017-08-07 18:08:58.568533 PDT | ExplainedVariance   1
2017-08-07 18:08:58.568769 PDT | NumTrajs           20
2017-08-07 18:08:58.569004 PDT | Entropy             2.7552
2017-08-07 18:08:58.569238 PDT | Perplexity         15.7242
2017-08-07 18:08:58.569471 PDT | StdReturn           0
2017-08-07 18:08:58.569705 PDT | MaxReturn           0
2017-08-07 18:08:58.569939 PDT | MinReturn           0
2017-08-07 18:08:58.570172 PDT | AveragePolicyStd    0.959782
2017-08-07 18:08:58.570405 PDT | LossBefore         -0
2017-08-07 18:08:58.570638 PDT | LossAfter          -0
2017-08-07 18:08:58.570871 PDT | MeanKL              0
2017-08-07 18:08:58.571105 PDT | MaxKL               0
2017-08-07 18:08:58.571338 PDT | Time                2.14942
2017-08-07 18:08:58.571587 PDT | ItrTime             0.948962
2017-08-07 18:08:58.571823 PDT | -----------------  ---------
2017-08-07 18:08:58.572146 PDT | [point_0] itr #2 | Obtaining samples...
2017-08-07 18:08:59.400537 PDT | [point_0] itr #2 | Processing samples...
2017-08-07 18:08:59.401152 PDT | [point_0] itr #2 | fitting baseline...
2017-08-07 18:08:59.402944 PDT | [point_0] itr #2 | fitted
2017-08-07 18:08:59.407698 PDT | [point_0] itr #2 | Logging diagnostics...
2017-08-07 18:08:59.408452 PDT | [point_0] itr #2 | Optimizing policy...
2017-08-07 18:08:59.408904 PDT | [point_0] itr #2 | optimizing policy
2017-08-07 18:08:59.422252 PDT | [point_0] itr #2 | Saving snapshot...
2017-08-07 18:08:59.430765 PDT | [point_0] itr #2 | Saved
2017-08-07 18:08:59.432455 PDT | -----------------  ---------
2017-08-07 18:08:59.432886 PDT | TotalExecTime       0.827379
2017-08-07 18:08:59.433273 PDT | AverageReturn       0
2017-08-07 18:08:59.433651 PDT | ExplainedVariance   1
2017-08-07 18:08:59.434025 PDT | NumTrajs           20
2017-08-07 18:08:59.434396 PDT | Entropy             2.7552
2017-08-07 18:08:59.434775 PDT | Perplexity         15.7242
2017-08-07 18:08:59.435144 PDT | StdReturn           0
2017-08-07 18:08:59.435531 PDT | MaxReturn           0
2017-08-07 18:08:59.435904 PDT | MinReturn           0
2017-08-07 18:08:59.436273 PDT | AveragePolicyStd    0.959782
2017-08-07 18:08:59.436641 PDT | LossBefore         -0
2017-08-07 18:08:59.437011 PDT | LossAfter          -0
2017-08-07 18:08:59.437379 PDT | MeanKL              0
2017-08-07 18:08:59.437747 PDT | MaxKL               0
2017-08-07 18:08:59.438114 PDT | Time                3.01365
2017-08-07 18:08:59.438481 PDT | ItrTime             0.85906
2017-08-07 18:08:59.438848 PDT | -----------------  ---------
2017-08-07 18:08:59.439347 PDT | [point_0] itr #3 | Obtaining samples...
2017-08-07 18:09:00.401661 PDT | [point_0] itr #3 | Processing samples...
2017-08-07 18:09:00.402052 PDT | [point_0] itr #3 | fitting baseline...
2017-08-07 18:09:00.403168 PDT | [point_0] itr #3 | fitted
2017-08-07 18:09:00.406383 PDT | [point_0] itr #3 | Logging diagnostics...
2017-08-07 18:09:00.406780 PDT | [point_0] itr #3 | Optimizing policy...
2017-08-07 18:09:00.406986 PDT | [point_0] itr #3 | optimizing policy
2017-08-07 18:09:00.417381 PDT | [point_0] itr #3 | Saving snapshot...
2017-08-07 18:09:00.421901 PDT | [point_0] itr #3 | Saved
2017-08-07 18:09:00.422961 PDT | -----------------  ---------
2017-08-07 18:09:00.423236 PDT | TotalExecTime       0.959273
2017-08-07 18:09:00.423519 PDT | AverageReturn       0
2017-08-07 18:09:00.423768 PDT | ExplainedVariance   1
2017-08-07 18:09:00.424012 PDT | NumTrajs           20
2017-08-07 18:09:00.424255 PDT | Entropy             2.7552
2017-08-07 18:09:00.424506 PDT | Perplexity         15.7242
2017-08-07 18:09:00.424750 PDT | StdReturn           0
2017-08-07 18:09:00.424992 PDT | MaxReturn           0
2017-08-07 18:09:00.425235 PDT | MinReturn           0
2017-08-07 18:09:00.425484 PDT | AveragePolicyStd    0.959782
2017-08-07 18:09:00.425729 PDT | LossBefore         -0
2017-08-07 18:09:00.425971 PDT | LossAfter          -0
2017-08-07 18:09:00.426211 PDT | MeanKL              0
2017-08-07 18:09:00.426450 PDT | MaxKL               0
2017-08-07 18:09:00.426701 PDT | Time                4.00465
2017-08-07 18:09:00.426943 PDT | ItrTime             0.982861
2017-08-07 18:09:00.427184 PDT | -----------------  ---------
2017-08-07 18:09:00.427527 PDT | [point_0] itr #4 | Obtaining samples...
2017-08-07 18:09:01.275450 PDT | [point_0] itr #4 | Processing samples...
2017-08-07 18:09:01.275838 PDT | [point_0] itr #4 | fitting baseline...
2017-08-07 18:09:01.277446 PDT | [point_0] itr #4 | fitted
2017-08-07 18:09:01.280259 PDT | [point_0] itr #4 | Logging diagnostics...
2017-08-07 18:09:01.280735 PDT | [point_0] itr #4 | Optimizing policy...
2017-08-07 18:09:01.281015 PDT | [point_0] itr #4 | optimizing policy
2017-08-07 18:09:01.294733 PDT | [point_0] itr #4 | Saving snapshot...
2017-08-07 18:09:01.299993 PDT | [point_0] itr #4 | Saved
2017-08-07 18:09:01.301046 PDT | -----------------  ---------
2017-08-07 18:09:01.301322 PDT | TotalExecTime       0.847013
2017-08-07 18:09:01.301575 PDT | AverageReturn       0
2017-08-07 18:09:01.302803 PDT | ExplainedVariance   1
2017-08-07 18:09:01.303059 PDT | NumTrajs           20
2017-08-07 18:09:01.303322 PDT | Entropy             2.7552
2017-08-07 18:09:01.303575 PDT | Perplexity         15.7242
2017-08-07 18:09:01.303818 PDT | StdReturn           0
2017-08-07 18:09:01.304061 PDT | MaxReturn           0
2017-08-07 18:09:01.304303 PDT | MinReturn           0
2017-08-07 18:09:01.304546 PDT | AveragePolicyStd    0.959782
2017-08-07 18:09:01.304787 PDT | LossBefore         -0
2017-08-07 18:09:01.305028 PDT | LossAfter          -0
2017-08-07 18:09:01.305269 PDT | MeanKL              0
2017-08-07 18:09:01.305517 PDT | MaxKL               0
2017-08-07 18:09:01.305760 PDT | Time                4.88274
2017-08-07 18:09:01.306002 PDT | ItrTime             0.872768
2017-08-07 18:09:01.307165 PDT | -----------------  ---------
2017-08-07 18:09:01.307488 PDT | [point_0] itr #5 | Obtaining samples...
2017-08-07 18:09:02.395165 PDT | [point_0] itr #5 | Processing samples...
2017-08-07 18:09:02.395833 PDT | [point_0] itr #5 | fitting baseline...
2017-08-07 18:09:02.415871 PDT | [point_0] itr #5 | fitted
2017-08-07 18:09:02.419363 PDT | [point_0] itr #5 | Logging diagnostics...
2017-08-07 18:09:02.424162 PDT | [point_0] itr #5 | Optimizing policy...
2017-08-07 18:09:02.424989 PDT | [point_0] itr #5 | optimizing policy
2017-08-07 18:09:02.440750 PDT | [point_0] itr #5 | Saving snapshot...
2017-08-07 18:09:02.451037 PDT | [point_0] itr #5 | Saved
2017-08-07 18:09:02.465105 PDT | -----------------  ---------
2017-08-07 18:09:02.465624 PDT | TotalExecTime       1.08488
2017-08-07 18:09:02.466063 PDT | AverageReturn       0
2017-08-07 18:09:02.470260 PDT | ExplainedVariance   1
2017-08-07 18:09:02.470725 PDT | NumTrajs           20
2017-08-07 18:09:02.471155 PDT | Entropy             2.7552
2017-08-07 18:09:02.475183 PDT | Perplexity         15.7242
2017-08-07 18:09:02.475637 PDT | StdReturn           0
2017-08-07 18:09:02.478446 PDT | MaxReturn           0
2017-08-07 18:09:02.478872 PDT | MinReturn           0
2017-08-07 18:09:02.479265 PDT | AveragePolicyStd    0.959782
2017-08-07 18:09:02.479642 PDT | LossBefore         -0
2017-08-07 18:09:02.479829 PDT | LossAfter          -0
2017-08-07 18:09:02.480005 PDT | MeanKL              0
2017-08-07 18:09:02.480179 PDT | MaxKL               0
2017-08-07 18:09:02.480351 PDT | Time                6.03888
2017-08-07 18:09:02.480523 PDT | ItrTime             1.149
2017-08-07 18:09:02.480694 PDT | -----------------  ---------
2017-08-07 18:09:02.480970 PDT | [point_0] itr #6 | Obtaining samples...
2017-08-07 18:09:03.462630 PDT | [point_0] itr #6 | Processing samples...
2017-08-07 18:09:03.463017 PDT | [point_0] itr #6 | fitting baseline...
2017-08-07 18:09:03.464106 PDT | [point_0] itr #6 | fitted
2017-08-07 18:09:03.465915 PDT | [point_0] itr #6 | Logging diagnostics...
2017-08-07 18:09:03.466186 PDT | [point_0] itr #6 | Optimizing policy...
2017-08-07 18:09:03.466325 PDT | [point_0] itr #6 | optimizing policy
2017-08-07 18:09:03.491325 PDT | [point_0] itr #6 | Saving snapshot...
2017-08-07 18:09:03.496455 PDT | [point_0] itr #6 | Saved
2017-08-07 18:09:03.497093 PDT | -----------------  ---------
2017-08-07 18:09:03.497243 PDT | TotalExecTime       0.980737
2017-08-07 18:09:03.497379 PDT | AverageReturn       0
2017-08-07 18:09:03.497509 PDT | ExplainedVariance   1
2017-08-07 18:09:03.497636 PDT | NumTrajs           20
2017-08-07 18:09:03.497773 PDT | Entropy             2.7552
2017-08-07 18:09:03.498644 PDT | Perplexity         15.7242
2017-08-07 18:09:03.498778 PDT | StdReturn           0
2017-08-07 18:09:03.498907 PDT | MaxReturn           0
2017-08-07 18:09:03.499035 PDT | MinReturn           0
2017-08-07 18:09:03.499171 PDT | AveragePolicyStd    0.959782
2017-08-07 18:09:03.499300 PDT | LossBefore         -0
2017-08-07 18:09:03.499444 PDT | LossAfter          -0
2017-08-07 18:09:03.499576 PDT | MeanKL              0
2017-08-07 18:09:03.499701 PDT | MaxKL               0
2017-08-07 18:09:03.499827 PDT | Time                7.07908
2017-08-07 18:09:03.499953 PDT | ItrTime             1.01566
2017-08-07 18:09:03.500077 PDT | -----------------  ---------
