2017-08-06 18:47:49.175615 PDT | [longer_pureCorNoise] itr #0 | Sampling set of tasks/goals for this meta-batch...
2017-08-06 18:47:49.176682 PDT | [longer_pureCorNoise] itr #0 | ** Step 0 **
2017-08-06 18:47:49.176932 PDT | [longer_pureCorNoise] itr #0 | Obtaining samples...
2017-08-06 18:47:49.177161 PDT | [longer_pureCorNoise] itr #0 | Obtaining samples for iteration 0...
2017-08-06 18:49:14.296831 PDT | [longer_pureCorNoise] itr #0 | Sampling set of tasks/goals for this meta-batch...
2017-08-06 18:49:14.298298 PDT | [longer_pureCorNoise] itr #0 | ** Step 0 **
2017-08-06 18:49:14.298442 PDT | [longer_pureCorNoise] itr #0 | Obtaining samples...
2017-08-06 18:49:14.298562 PDT | [longer_pureCorNoise] itr #0 | Obtaining samples for iteration 0...
2017-08-06 18:49:54.216731 PDT | [longer_pureCorNoise] itr #0 | Processing samples...
2017-08-06 18:49:54.461614 PDT | [longer_pureCorNoise] itr #0 | fitting baseline...
2017-08-06 18:49:54.517147 PDT | [longer_pureCorNoise] itr #0 | fitted
2017-08-06 18:49:54.616000 PDT | [longer_pureCorNoise] itr #0 | Logging diagnostics...
2017-08-06 18:49:54.619048 PDT | [longer_pureCorNoise] itr #0 | Computing policy updates...
2017-08-06 18:49:55.306953 PDT | [longer_pureCorNoise] itr #0 | ** Step 1 **
2017-08-06 18:49:55.307134 PDT | [longer_pureCorNoise] itr #0 | Obtaining samples...
2017-08-06 18:49:55.307252 PDT | [longer_pureCorNoise] itr #0 | Obtaining samples for iteration 0...
2017-08-06 18:51:11.000083 PDT | [longer_pureCorNoise] itr #0 | Processing samples...
2017-08-06 18:51:11.208148 PDT | [longer_pureCorNoise] itr #0 | fitting baseline...
2017-08-06 18:51:11.262732 PDT | [longer_pureCorNoise] itr #0 | fitted
2017-08-06 18:51:11.359293 PDT | [longer_pureCorNoise] itr #0 | Logging diagnostics...
2017-08-06 18:51:11.362218 PDT | [longer_pureCorNoise] itr #0 | Optimizing policy...
2017-08-06 18:51:11.362408 PDT | [longer_pureCorNoise] itr #0 | Computing KL before
2017-08-06 18:51:11.444012 PDT | [longer_pureCorNoise] itr #0 | Computing loss before
2017-08-06 18:51:11.525815 PDT | [longer_pureCorNoise] itr #0 | Optimizing
2017-08-06 18:51:11.547986 PDT | [longer_pureCorNoise] itr #0 | Start CG optimization: #parameters: 1540, #inputs: 15000, #subsample_inputs: 15000
2017-08-06 18:51:11.548275 PDT | [longer_pureCorNoise] itr #0 | computing loss before
2017-08-06 18:51:11.576326 PDT | [longer_pureCorNoise] itr #0 | performing update
2017-08-06 18:51:11.576615 PDT | [longer_pureCorNoise] itr #0 | computing gradient
2017-08-06 18:51:11.816768 PDT | [longer_pureCorNoise] itr #0 | gradient computed
2017-08-06 18:51:11.817210 PDT | [longer_pureCorNoise] itr #0 | computing descent direction
2017-08-06 18:51:13.735000 PDT | [longer_pureCorNoise] itr #0 | descent direction computed
2017-08-06 18:51:13.907441 PDT | [longer_pureCorNoise] itr #0 | backtrack iters: 1
2017-08-06 18:51:13.907758 PDT | [longer_pureCorNoise] itr #0 | computing loss after
2017-08-06 18:51:13.907951 PDT | [longer_pureCorNoise] itr #0 | optimization finished
2017-08-06 18:51:13.908152 PDT | [longer_pureCorNoise] itr #0 | Computing loss after
2017-08-06 18:51:13.935845 PDT | [longer_pureCorNoise] itr #0 | Computing KL after
2017-08-06 18:51:13.963064 PDT | [longer_pureCorNoise] itr #0 | Saving snapshot...
2017-08-06 18:51:13.973204 PDT | [longer_pureCorNoise] itr #0 | Saved
2017-08-06 18:51:13.973536 PDT | [longer_pureCorNoise] itr #0 | Saving visualization of paths
2017-08-06 18:51:15.835610 PDT | ----------------------  --------------
2017-08-06 18:51:15.835771 PDT | 0PolicyExecTime           18.6865
2017-08-06 18:51:15.835878 PDT | 0EnvExecTime              20.1692
2017-08-06 18:51:15.835978 PDT | 0ProcessExecTime           0.727885
2017-08-06 18:51:15.836075 PDT | 0AverageReturn            30.0833
2017-08-06 18:51:15.836172 PDT | 0ExplainedVariance         0.0725449
2017-08-06 18:51:15.836268 PDT | 0NumTrajs               1200
2017-08-06 18:51:15.836375 PDT | 0Entropy                   2.83788
2017-08-06 18:51:15.836472 PDT | 0Perplexity               17.0795
2017-08-06 18:51:15.836567 PDT | 0StdReturn               161.307
2017-08-06 18:51:15.836667 PDT | 0MaxReturn              1700
2017-08-06 18:51:15.836763 PDT | 0MinReturn                 0
2017-08-06 18:51:15.836858 PDT | 0AveragePolicyStd          1
2017-08-06 18:51:15.836953 PDT | ComputeUpdatedDistTime     0.68774
2017-08-06 18:51:15.837048 PDT | 1PolicyExecTime           41.2117
2017-08-06 18:51:15.837143 PDT | 1EnvExecTime              32.8142
2017-08-06 18:51:15.837237 PDT | 1ProcessExecTime           1.13262
2017-08-06 18:51:15.837332 PDT | 1AverageReturn            95.75
2017-08-06 18:51:15.837436 PDT | 1ExplainedVariance         0.171928
2017-08-06 18:51:15.837533 PDT | 1NumTrajs               1200
2017-08-06 18:51:15.837627 PDT | 1Entropy                   2.83414
2017-08-06 18:51:15.837722 PDT | 1Perplexity               17.0158
2017-08-06 18:51:15.837817 PDT | 1StdReturn               314.124
2017-08-06 18:51:15.837912 PDT | 1MaxReturn              1900
2017-08-06 18:51:15.838007 PDT | 1MinReturn                 0
2017-08-06 18:51:15.838101 PDT | 1AveragePolicyStd          0.998143
2017-08-06 18:51:15.838196 PDT | MeanKLBefore               3.25963e-09
2017-08-06 18:51:15.838291 PDT | MeanKL                     0.00789075
2017-08-06 18:51:15.838384 PDT | LossBefore                 1.04774e-09
2017-08-06 18:51:15.838500 PDT | LossAfter                 -0.00638698
2017-08-06 18:51:15.838596 PDT | dLoss                      0.00638698
2017-08-06 18:51:15.838692 PDT | Time                     119.677
2017-08-06 18:51:15.838787 PDT | ItrTime                  119.677
2017-08-06 18:51:15.838882 PDT | ----------------------  --------------
2017-08-06 18:51:15.839103 PDT | [longer_pureCorNoise] itr #1 | Sampling set of tasks/goals for this meta-batch...
2017-08-06 18:51:15.844534 PDT | [longer_pureCorNoise] itr #1 | ** Step 0 **
2017-08-06 18:51:15.844891 PDT | [longer_pureCorNoise] itr #1 | Obtaining samples...
2017-08-06 18:51:15.845175 PDT | [longer_pureCorNoise] itr #1 | Obtaining samples for iteration 1...
2017-08-06 18:51:56.229601 PDT | [longer_pureCorNoise] itr #1 | Processing samples...
2017-08-06 18:51:56.413073 PDT | [longer_pureCorNoise] itr #1 | fitting baseline...
2017-08-06 18:51:56.467439 PDT | [longer_pureCorNoise] itr #1 | fitted
2017-08-06 18:51:56.566813 PDT | [longer_pureCorNoise] itr #1 | Logging diagnostics...
2017-08-06 18:51:56.570106 PDT | [longer_pureCorNoise] itr #1 | Computing policy updates...
2017-08-06 18:51:56.650342 PDT | [longer_pureCorNoise] itr #1 | ** Step 1 **
2017-08-06 18:51:56.650549 PDT | [longer_pureCorNoise] itr #1 | Obtaining samples...
2017-08-06 18:51:56.650682 PDT | [longer_pureCorNoise] itr #1 | Obtaining samples for iteration 1...
2017-08-06 18:53:10.893435 PDT | [longer_pureCorNoise] itr #1 | Processing samples...
2017-08-06 18:53:11.178502 PDT | [longer_pureCorNoise] itr #1 | fitting baseline...
2017-08-06 18:53:11.241147 PDT | [longer_pureCorNoise] itr #1 | fitted
2017-08-06 18:53:11.340237 PDT | [longer_pureCorNoise] itr #1 | Logging diagnostics...
2017-08-06 18:53:11.343365 PDT | [longer_pureCorNoise] itr #1 | Optimizing policy...
2017-08-06 18:53:11.343559 PDT | [longer_pureCorNoise] itr #1 | Computing KL before
2017-08-06 18:53:11.370535 PDT | [longer_pureCorNoise] itr #1 | Computing loss before
2017-08-06 18:53:11.398698 PDT | [longer_pureCorNoise] itr #1 | Optimizing
2017-08-06 18:53:11.399698 PDT | [longer_pureCorNoise] itr #1 | Start CG optimization: #parameters: 1540, #inputs: 15000, #subsample_inputs: 15000
2017-08-06 18:53:11.399878 PDT | [longer_pureCorNoise] itr #1 | computing loss before
2017-08-06 18:53:11.428027 PDT | [longer_pureCorNoise] itr #1 | performing update
2017-08-06 18:53:11.428253 PDT | [longer_pureCorNoise] itr #1 | computing gradient
2017-08-06 18:53:11.506054 PDT | [longer_pureCorNoise] itr #1 | gradient computed
2017-08-06 18:53:11.506274 PDT | [longer_pureCorNoise] itr #1 | computing descent direction
2017-08-06 18:53:13.119543 PDT | [longer_pureCorNoise] itr #1 | descent direction computed
2017-08-06 18:53:13.177794 PDT | [longer_pureCorNoise] itr #1 | backtrack iters: 1
2017-08-06 18:53:13.178098 PDT | [longer_pureCorNoise] itr #1 | computing loss after
2017-08-06 18:53:13.178311 PDT | [longer_pureCorNoise] itr #1 | optimization finished
2017-08-06 18:53:13.178544 PDT | [longer_pureCorNoise] itr #1 | Computing loss after
2017-08-06 18:53:13.204677 PDT | [longer_pureCorNoise] itr #1 | Computing KL after
2017-08-06 18:53:13.230760 PDT | [longer_pureCorNoise] itr #1 | Saving snapshot...
2017-08-06 18:53:13.234253 PDT | [longer_pureCorNoise] itr #1 | Saved
2017-08-06 18:53:13.234479 PDT | [longer_pureCorNoise] itr #1 | Saving visualization of paths
2017-08-06 18:53:15.017621 PDT | ----------------------  --------------
2017-08-06 18:53:15.017792 PDT | 0PolicyExecTime           18.8706
2017-08-06 18:53:15.017901 PDT | 0EnvExecTime              20.4439
2017-08-06 18:53:15.018003 PDT | 0ProcessExecTime           0.7308
2017-08-06 18:53:15.018103 PDT | 0AverageReturn            41.5833
2017-08-06 18:53:15.018202 PDT | 0ExplainedVariance         0.0803763
2017-08-06 18:53:15.018301 PDT | 0NumTrajs               1200
2017-08-06 18:53:15.018399 PDT | 0Entropy                   2.82019
2017-08-06 18:53:15.018506 PDT | 0Perplexity               16.78
2017-08-06 18:53:15.018604 PDT | 0StdReturn               185.326
2017-08-06 18:53:15.018702 PDT | 0MaxReturn              1700
2017-08-06 18:53:15.018799 PDT | 0MinReturn                 0
2017-08-06 18:53:15.018896 PDT | 0AveragePolicyStd          0.991194
2017-08-06 18:53:15.018993 PDT | ComputeUpdatedDistTime     0.0800598
2017-08-06 18:53:15.019089 PDT | 1PolicyExecTime           40.6454
2017-08-06 18:53:15.019186 PDT | 1EnvExecTime              31.9734
2017-08-06 18:53:15.019282 PDT | 1ProcessExecTime           1.1015
2017-08-06 18:53:15.019379 PDT | 1AverageReturn           198.917
2017-08-06 18:53:15.019476 PDT | 1ExplainedVariance         0.247069
2017-08-06 18:53:15.019573 PDT | 1NumTrajs               1200
2017-08-06 18:53:15.019670 PDT | 1Entropy                   2.817
2017-08-06 18:53:15.019767 PDT | 1Perplexity               16.7266
2017-08-06 18:53:15.019864 PDT | 1StdReturn               460.967
2017-08-06 18:53:15.019961 PDT | 1MaxReturn              2400
2017-08-06 18:53:15.020058 PDT | 1MinReturn                 0
2017-08-06 18:53:15.020154 PDT | 1AveragePolicyStd          0.98962
2017-08-06 18:53:15.020251 PDT | MeanKLBefore              -2.32831e-10
2017-08-06 18:53:15.020348 PDT | MeanKL                     0.0084407
2017-08-06 18:53:15.020445 PDT | LossBefore                -1.39698e-09
2017-08-06 18:53:15.020543 PDT | LossAfter                 -0.00787415
2017-08-06 18:53:15.020640 PDT | dLoss                      0.00787415
2017-08-06 18:53:15.020737 PDT | Time                     238.938
2017-08-06 18:53:15.020835 PDT | ItrTime                  117.395
2017-08-06 18:53:15.020932 PDT | ----------------------  --------------
2017-08-06 18:53:15.021115 PDT | [longer_pureCorNoise] itr #2 | Sampling set of tasks/goals for this meta-batch...
2017-08-06 18:53:15.026687 PDT | [longer_pureCorNoise] itr #2 | ** Step 0 **
2017-08-06 18:53:15.027135 PDT | [longer_pureCorNoise] itr #2 | Obtaining samples...
2017-08-06 18:53:15.027426 PDT | [longer_pureCorNoise] itr #2 | Obtaining samples for iteration 2...
2017-08-06 18:53:54.960804 PDT | [longer_pureCorNoise] itr #2 | Processing samples...
2017-08-06 18:53:55.146673 PDT | [longer_pureCorNoise] itr #2 | fitting baseline...
2017-08-06 18:53:55.195464 PDT | [longer_pureCorNoise] itr #2 | fitted
2017-08-06 18:53:55.286250 PDT | [longer_pureCorNoise] itr #2 | Logging diagnostics...
2017-08-06 18:53:55.289185 PDT | [longer_pureCorNoise] itr #2 | Computing policy updates...
2017-08-06 18:53:55.365627 PDT | [longer_pureCorNoise] itr #2 | ** Step 1 **
2017-08-06 18:53:55.365834 PDT | [longer_pureCorNoise] itr #2 | Obtaining samples...
2017-08-06 18:53:55.365971 PDT | [longer_pureCorNoise] itr #2 | Obtaining samples for iteration 2...
2017-08-06 18:55:07.119678 PDT | [longer_pureCorNoise] itr #2 | Processing samples...
2017-08-06 18:55:07.363474 PDT | [longer_pureCorNoise] itr #2 | fitting baseline...
2017-08-06 18:55:07.417259 PDT | [longer_pureCorNoise] itr #2 | fitted
2017-08-06 18:55:07.519890 PDT | [longer_pureCorNoise] itr #2 | Logging diagnostics...
2017-08-06 18:55:07.523000 PDT | [longer_pureCorNoise] itr #2 | Optimizing policy...
2017-08-06 18:55:07.523210 PDT | [longer_pureCorNoise] itr #2 | Computing KL before
2017-08-06 18:55:07.550038 PDT | [longer_pureCorNoise] itr #2 | Computing loss before
2017-08-06 18:55:07.576445 PDT | [longer_pureCorNoise] itr #2 | Optimizing
2017-08-06 18:55:07.577301 PDT | [longer_pureCorNoise] itr #2 | Start CG optimization: #parameters: 1540, #inputs: 15000, #subsample_inputs: 15000
2017-08-06 18:55:07.577573 PDT | [longer_pureCorNoise] itr #2 | computing loss before
2017-08-06 18:55:07.605810 PDT | [longer_pureCorNoise] itr #2 | performing update
2017-08-06 18:55:07.606134 PDT | [longer_pureCorNoise] itr #2 | computing gradient
2017-08-06 18:55:07.686202 PDT | [longer_pureCorNoise] itr #2 | gradient computed
2017-08-06 18:55:07.686635 PDT | [longer_pureCorNoise] itr #2 | computing descent direction
2017-08-06 18:55:09.284522 PDT | [longer_pureCorNoise] itr #2 | descent direction computed
2017-08-06 18:55:09.336331 PDT | [longer_pureCorNoise] itr #2 | backtrack iters: 1
2017-08-06 18:55:09.336726 PDT | [longer_pureCorNoise] itr #2 | computing loss after
2017-08-06 18:55:09.336995 PDT | [longer_pureCorNoise] itr #2 | optimization finished
2017-08-06 18:55:09.337255 PDT | [longer_pureCorNoise] itr #2 | Computing loss after
2017-08-06 18:55:09.363761 PDT | [longer_pureCorNoise] itr #2 | Computing KL after
2017-08-06 18:55:09.387560 PDT | [longer_pureCorNoise] itr #2 | Saving snapshot...
2017-08-06 18:55:09.390340 PDT | [longer_pureCorNoise] itr #2 | Saved
2017-08-06 18:55:09.390519 PDT | [longer_pureCorNoise] itr #2 | Saving visualization of paths
2017-08-06 18:55:11.154057 PDT | ----------------------  --------------
2017-08-06 18:55:11.154225 PDT | 0PolicyExecTime           18.6585
2017-08-06 18:55:11.154332 PDT | 0EnvExecTime              20.2086
2017-08-06 18:55:11.154440 PDT | 0ProcessExecTime           0.731093
2017-08-06 18:55:11.154541 PDT | 0AverageReturn            47.6667
2017-08-06 18:55:11.154639 PDT | 0ExplainedVariance         0.0809401
2017-08-06 18:55:11.154736 PDT | 0NumTrajs               1200
2017-08-06 18:55:11.154833 PDT | 0Entropy                   2.80601
2017-08-06 18:55:11.154930 PDT | 0Perplexity               16.5439
2017-08-06 18:55:11.155026 PDT | 0StdReturn               215.78
2017-08-06 18:55:11.155123 PDT | 0MaxReturn              2100
2017-08-06 18:55:11.155220 PDT | 0MinReturn                 0
2017-08-06 18:55:11.155316 PDT | 0AveragePolicyStd          0.984207
2017-08-06 18:55:11.155412 PDT | ComputeUpdatedDistTime     0.076292
2017-08-06 18:55:11.155507 PDT | 1PolicyExecTime           39.3527
2017-08-06 18:55:11.155604 PDT | 1EnvExecTime              30.8133
2017-08-06 18:55:11.155699 PDT | 1ProcessExecTime           1.08502
2017-08-06 18:55:11.155794 PDT | 1AverageReturn           312.083
2017-08-06 18:55:11.155890 PDT | 1ExplainedVariance         0.312138
2017-08-06 18:55:11.155985 PDT | 1NumTrajs               1200
2017-08-06 18:55:11.156080 PDT | 1Entropy                   2.8018
2017-08-06 18:55:11.156175 PDT | 1Perplexity               16.4742
2017-08-06 18:55:11.156270 PDT | 1StdReturn               613.416
2017-08-06 18:55:11.156365 PDT | 1MaxReturn              2400
2017-08-06 18:55:11.156460 PDT | 1MinReturn                 0
2017-08-06 18:55:11.156556 PDT | 1AveragePolicyStd          0.982137
2017-08-06 18:55:11.156652 PDT | MeanKLBefore              -9.31322e-10
2017-08-06 18:55:11.156747 PDT | MeanKL                     0.00902089
2017-08-06 18:55:11.156843 PDT | LossBefore                 4.65661e-10
2017-08-06 18:55:11.156939 PDT | LossAfter                 -0.00842321
2017-08-06 18:55:11.157034 PDT | dLoss                      0.00842321
2017-08-06 18:55:11.157128 PDT | Time                     355.094
2017-08-06 18:55:11.157224 PDT | ItrTime                  114.369
2017-08-06 18:55:11.157319 PDT | ----------------------  --------------
2017-08-06 18:55:11.157502 PDT | [longer_pureCorNoise] itr #3 | Sampling set of tasks/goals for this meta-batch...
2017-08-06 18:55:11.163237 PDT | [longer_pureCorNoise] itr #3 | ** Step 0 **
2017-08-06 18:55:11.163706 PDT | [longer_pureCorNoise] itr #3 | Obtaining samples...
2017-08-06 18:55:11.163970 PDT | [longer_pureCorNoise] itr #3 | Obtaining samples for iteration 3...
2017-08-06 18:55:46.023595 PDT | [longer_pureCorNoise] itr #3 | Processing samples...
2017-08-06 18:55:46.206959 PDT | [longer_pureCorNoise] itr #3 | fitting baseline...
2017-08-06 18:55:46.260092 PDT | [longer_pureCorNoise] itr #3 | fitted
2017-08-06 18:55:46.361130 PDT | [longer_pureCorNoise] itr #3 | Logging diagnostics...
2017-08-06 18:55:46.364620 PDT | [longer_pureCorNoise] itr #3 | Computing policy updates...
2017-08-06 18:55:46.444814 PDT | [longer_pureCorNoise] itr #3 | ** Step 1 **
2017-08-06 18:55:46.445020 PDT | [longer_pureCorNoise] itr #3 | Obtaining samples...
2017-08-06 18:55:46.445147 PDT | [longer_pureCorNoise] itr #3 | Obtaining samples for iteration 3...
2017-08-06 18:57:01.969380 PDT | [longer_pureCorNoise] itr #3 | Processing samples...
2017-08-06 18:57:02.181197 PDT | [longer_pureCorNoise] itr #3 | fitting baseline...
2017-08-06 18:57:02.234901 PDT | [longer_pureCorNoise] itr #3 | fitted
2017-08-06 18:57:02.333757 PDT | [longer_pureCorNoise] itr #3 | Logging diagnostics...
2017-08-06 18:57:02.336909 PDT | [longer_pureCorNoise] itr #3 | Optimizing policy...
2017-08-06 18:57:02.337105 PDT | [longer_pureCorNoise] itr #3 | Computing KL before
2017-08-06 18:57:02.363780 PDT | [longer_pureCorNoise] itr #3 | Computing loss before
2017-08-06 18:57:02.391462 PDT | [longer_pureCorNoise] itr #3 | Optimizing
2017-08-06 18:57:02.392288 PDT | [longer_pureCorNoise] itr #3 | Start CG optimization: #parameters: 1540, #inputs: 15000, #subsample_inputs: 15000
2017-08-06 18:57:02.392462 PDT | [longer_pureCorNoise] itr #3 | computing loss before
2017-08-06 18:57:02.420650 PDT | [longer_pureCorNoise] itr #3 | performing update
2017-08-06 18:57:02.420947 PDT | [longer_pureCorNoise] itr #3 | computing gradient
2017-08-06 18:57:02.500929 PDT | [longer_pureCorNoise] itr #3 | gradient computed
2017-08-06 18:57:02.501181 PDT | [longer_pureCorNoise] itr #3 | computing descent direction
2017-08-06 18:57:04.126865 PDT | [longer_pureCorNoise] itr #3 | descent direction computed
2017-08-06 18:57:04.191664 PDT | [longer_pureCorNoise] itr #3 | backtrack iters: 1
2017-08-06 18:57:04.192089 PDT | [longer_pureCorNoise] itr #3 | computing loss after
2017-08-06 18:57:04.192357 PDT | [longer_pureCorNoise] itr #3 | optimization finished
2017-08-06 18:57:04.192616 PDT | [longer_pureCorNoise] itr #3 | Computing loss after
2017-08-06 18:57:04.221497 PDT | [longer_pureCorNoise] itr #3 | Computing KL after
2017-08-06 18:57:04.248187 PDT | [longer_pureCorNoise] itr #3 | Saving snapshot...
2017-08-06 18:57:04.252754 PDT | [longer_pureCorNoise] itr #3 | Saved
2017-08-06 18:57:04.253017 PDT | [longer_pureCorNoise] itr #3 | Saving visualization of paths
2017-08-06 18:57:06.235601 PDT | ----------------------  --------------
2017-08-06 18:57:06.235773 PDT | 0PolicyExecTime           16.6201
2017-08-06 18:57:06.235882 PDT | 0EnvExecTime              17.3253
2017-08-06 18:57:06.235984 PDT | 0ProcessExecTime           0.626371
2017-08-06 18:57:06.236084 PDT | 0AverageReturn            54.8333
2017-08-06 18:57:06.236182 PDT | 0ExplainedVariance         0.0695568
2017-08-06 18:57:06.236280 PDT | 0NumTrajs               1200
2017-08-06 18:57:06.236378 PDT | 0Entropy                   2.78497
2017-08-06 18:57:06.236475 PDT | 0Perplexity               16.1993
2017-08-06 18:57:06.236572 PDT | 0StdReturn               222.957
2017-08-06 18:57:06.236668 PDT | 0MaxReturn              1700
2017-08-06 18:57:06.236766 PDT | 0MinReturn                 0
2017-08-06 18:57:06.236863 PDT | 0AveragePolicyStd          0.973896
2017-08-06 18:57:06.236960 PDT | ComputeUpdatedDistTime     0.0800216
2017-08-06 18:57:06.237057 PDT | 1PolicyExecTime           41.1671
2017-08-06 18:57:06.237153 PDT | 1EnvExecTime              32.6909
2017-08-06 18:57:06.237254 PDT | 1ProcessExecTime           1.13338
2017-08-06 18:57:06.237353 PDT | 1AverageReturn           443.083
2017-08-06 18:57:06.237450 PDT | 1ExplainedVariance         0.402418
2017-08-06 18:57:06.237548 PDT | 1NumTrajs               1200
2017-08-06 18:57:06.237646 PDT | 1Entropy                   2.78395
2017-08-06 18:57:06.237743 PDT | 1Perplexity               16.1828
2017-08-06 18:57:06.237840 PDT | 1StdReturn               795.52
2017-08-06 18:57:06.237936 PDT | 1MaxReturn              2600
2017-08-06 18:57:06.238033 PDT | 1MinReturn                 0
2017-08-06 18:57:06.238129 PDT | 1AveragePolicyStd          0.973403
2017-08-06 18:57:06.238226 PDT | MeanKLBefore              -9.31322e-10
2017-08-06 18:57:06.238323 PDT | MeanKL                     0.00881939
2017-08-06 18:57:06.238425 PDT | LossBefore                -1.16415e-09
2017-08-06 18:57:06.238526 PDT | LossAfter                 -0.00808928
2017-08-06 18:57:06.238622 PDT | dLoss                      0.00808928
2017-08-06 18:57:06.238718 PDT | Time                     469.956
2017-08-06 18:57:06.238815 PDT | ItrTime                  113.096
2017-08-06 18:57:06.238912 PDT | ----------------------  --------------
2017-08-06 18:57:06.239093 PDT | [longer_pureCorNoise] itr #4 | Sampling set of tasks/goals for this meta-batch...
2017-08-06 18:57:06.245028 PDT | [longer_pureCorNoise] itr #4 | ** Step 0 **
2017-08-06 18:57:06.245429 PDT | [longer_pureCorNoise] itr #4 | Obtaining samples...
2017-08-06 18:57:06.245790 PDT | [longer_pureCorNoise] itr #4 | Obtaining samples for iteration 4...
2017-08-06 18:57:48.442622 PDT | [longer_pureCorNoise] itr #4 | Processing samples...
2017-08-06 18:57:48.629366 PDT | [longer_pureCorNoise] itr #4 | fitting baseline...
2017-08-06 18:57:48.680498 PDT | [longer_pureCorNoise] itr #4 | fitted
2017-08-06 18:57:48.775394 PDT | [longer_pureCorNoise] itr #4 | Logging diagnostics...
2017-08-06 18:57:48.778595 PDT | [longer_pureCorNoise] itr #4 | Computing policy updates...
2017-08-06 18:57:48.852930 PDT | [longer_pureCorNoise] itr #4 | ** Step 1 **
2017-08-06 18:57:48.853120 PDT | [longer_pureCorNoise] itr #4 | Obtaining samples...
2017-08-06 18:57:48.853249 PDT | [longer_pureCorNoise] itr #4 | Obtaining samples for iteration 4...
2017-08-06 18:59:03.954833 PDT | [longer_pureCorNoise] itr #4 | Processing samples...
2017-08-06 18:59:04.189792 PDT | [longer_pureCorNoise] itr #4 | fitting baseline...
2017-08-06 18:59:04.243930 PDT | [longer_pureCorNoise] itr #4 | fitted
2017-08-06 18:59:04.344517 PDT | [longer_pureCorNoise] itr #4 | Logging diagnostics...
2017-08-06 18:59:04.347671 PDT | [longer_pureCorNoise] itr #4 | Optimizing policy...
2017-08-06 18:59:04.347866 PDT | [longer_pureCorNoise] itr #4 | Computing KL before
2017-08-06 18:59:04.372704 PDT | [longer_pureCorNoise] itr #4 | Computing loss before
2017-08-06 18:59:04.397419 PDT | [longer_pureCorNoise] itr #4 | Optimizing
2017-08-06 18:59:04.398143 PDT | [longer_pureCorNoise] itr #4 | Start CG optimization: #parameters: 1540, #inputs: 15000, #subsample_inputs: 15000
2017-08-06 18:59:04.398299 PDT | [longer_pureCorNoise] itr #4 | computing loss before
2017-08-06 18:59:04.423022 PDT | [longer_pureCorNoise] itr #4 | performing update
2017-08-06 18:59:04.423235 PDT | [longer_pureCorNoise] itr #4 | computing gradient
2017-08-06 18:59:04.490261 PDT | [longer_pureCorNoise] itr #4 | gradient computed
2017-08-06 18:59:04.490495 PDT | [longer_pureCorNoise] itr #4 | computing descent direction
2017-08-06 18:59:06.104329 PDT | [longer_pureCorNoise] itr #4 | descent direction computed
2017-08-06 18:59:06.166502 PDT | [longer_pureCorNoise] itr #4 | backtrack iters: 1
2017-08-06 18:59:06.167008 PDT | [longer_pureCorNoise] itr #4 | computing loss after
2017-08-06 18:59:06.167333 PDT | [longer_pureCorNoise] itr #4 | optimization finished
2017-08-06 18:59:06.167638 PDT | [longer_pureCorNoise] itr #4 | Computing loss after
2017-08-06 18:59:06.197810 PDT | [longer_pureCorNoise] itr #4 | Computing KL after
2017-08-06 18:59:06.225649 PDT | [longer_pureCorNoise] itr #4 | Saving snapshot...
2017-08-06 18:59:06.231185 PDT | [longer_pureCorNoise] itr #4 | Saved
2017-08-06 18:59:06.231433 PDT | [longer_pureCorNoise] itr #4 | Saving visualization of paths
2017-08-06 18:59:08.058180 PDT | ----------------------  --------------
2017-08-06 18:59:08.058358 PDT | 0PolicyExecTime           19.6482
2017-08-06 18:59:08.058487 PDT | 0EnvExecTime              21.3996
2017-08-06 18:59:08.058600 PDT | 0ProcessExecTime           0.791998
2017-08-06 18:59:08.058712 PDT | 0AverageReturn            92.6667
2017-08-06 18:59:08.058822 PDT | 0ExplainedVariance         0.100705
2017-08-06 18:59:08.058932 PDT | 0NumTrajs               1200
2017-08-06 18:59:08.059043 PDT | 0Entropy                   2.76425
2017-08-06 18:59:08.059153 PDT | 0Perplexity               15.8671
2017-08-06 18:59:08.059264 PDT | 0StdReturn               315.457
2017-08-06 18:59:08.059374 PDT | 0MaxReturn              2400
2017-08-06 18:59:08.059483 PDT | 0MinReturn                 0
2017-08-06 18:59:08.059593 PDT | 0AveragePolicyStd          0.963859
2017-08-06 18:59:08.059702 PDT | ComputeUpdatedDistTime     0.0741813
2017-08-06 18:59:08.059812 PDT | 1PolicyExecTime           41.2014
2017-08-06 18:59:08.059921 PDT | 1EnvExecTime              32.2166
2017-08-06 18:59:08.060030 PDT | 1ProcessExecTime           1.14366
2017-08-06 18:59:08.060138 PDT | 1AverageReturn           519.833
2017-08-06 18:59:08.060247 PDT | 1ExplainedVariance         0.455466
2017-08-06 18:59:08.060356 PDT | 1NumTrajs               1200
2017-08-06 18:59:08.060465 PDT | 1Entropy                   2.76214
2017-08-06 18:59:08.060573 PDT | 1Perplexity               15.8337
2017-08-06 18:59:08.060681 PDT | 1StdReturn               911.961
2017-08-06 18:59:08.060789 PDT | 1MaxReturn              2800
2017-08-06 18:59:08.060898 PDT | 1MinReturn                 0
2017-08-06 18:59:08.061006 PDT | 1AveragePolicyStd          0.962845
2017-08-06 18:59:08.061115 PDT | MeanKLBefore               0
2017-08-06 18:59:08.061223 PDT | MeanKL                     0.00803275
2017-08-06 18:59:08.061332 PDT | LossBefore                -5.82077e-10
2017-08-06 18:59:08.061438 PDT | LossAfter                 -0.00664523
2017-08-06 18:59:08.061546 PDT | dLoss                      0.00664523
2017-08-06 18:59:08.061655 PDT | Time                     591.935
2017-08-06 18:59:08.061764 PDT | ItrTime                  119.992
2017-08-06 18:59:08.061872 PDT | ----------------------  --------------
2017-08-06 18:59:08.062065 PDT | [longer_pureCorNoise] itr #5 | Sampling set of tasks/goals for this meta-batch...
2017-08-06 18:59:08.067831 PDT | [longer_pureCorNoise] itr #5 | ** Step 0 **
2017-08-06 18:59:08.068576 PDT | [longer_pureCorNoise] itr #5 | Obtaining samples...
2017-08-06 18:59:08.068777 PDT | [longer_pureCorNoise] itr #5 | Obtaining samples for iteration 5...
2017-08-06 18:59:49.257375 PDT | [longer_pureCorNoise] itr #5 | Processing samples...
2017-08-06 18:59:49.508446 PDT | [longer_pureCorNoise] itr #5 | fitting baseline...
2017-08-06 18:59:49.560896 PDT | [longer_pureCorNoise] itr #5 | fitted
2017-08-06 18:59:49.659302 PDT | [longer_pureCorNoise] itr #5 | Logging diagnostics...
2017-08-06 18:59:49.662659 PDT | [longer_pureCorNoise] itr #5 | Computing policy updates...
2017-08-06 18:59:49.739145 PDT | [longer_pureCorNoise] itr #5 | ** Step 1 **
2017-08-06 18:59:49.739343 PDT | [longer_pureCorNoise] itr #5 | Obtaining samples...
2017-08-06 18:59:49.739478 PDT | [longer_pureCorNoise] itr #5 | Obtaining samples for iteration 5...
2017-08-06 19:00:50.863215 PDT | [longer_pureCorNoise] itr #5 | Processing samples...
2017-08-06 19:00:51.111465 PDT | [longer_pureCorNoise] itr #5 | fitting baseline...
2017-08-06 19:00:51.179049 PDT | [longer_pureCorNoise] itr #5 | fitted
2017-08-06 19:00:51.296115 PDT | [longer_pureCorNoise] itr #5 | Logging diagnostics...
2017-08-06 19:00:51.300397 PDT | [longer_pureCorNoise] itr #5 | Optimizing policy...
2017-08-06 19:00:51.300722 PDT | [longer_pureCorNoise] itr #5 | Computing KL before
2017-08-06 19:00:51.330360 PDT | [longer_pureCorNoise] itr #5 | Computing loss before
2017-08-06 19:00:51.359225 PDT | [longer_pureCorNoise] itr #5 | Optimizing
2017-08-06 19:00:51.360000 PDT | [longer_pureCorNoise] itr #5 | Start CG optimization: #parameters: 1540, #inputs: 15000, #subsample_inputs: 15000
2017-08-06 19:00:51.360155 PDT | [longer_pureCorNoise] itr #5 | computing loss before
2017-08-06 19:00:51.389165 PDT | [longer_pureCorNoise] itr #5 | performing update
2017-08-06 19:00:51.389387 PDT | [longer_pureCorNoise] itr #5 | computing gradient
2017-08-06 19:00:51.471577 PDT | [longer_pureCorNoise] itr #5 | gradient computed
2017-08-06 19:00:51.471853 PDT | [longer_pureCorNoise] itr #5 | computing descent direction
2017-08-06 19:00:53.092679 PDT | [longer_pureCorNoise] itr #5 | descent direction computed
2017-08-06 19:00:53.146921 PDT | [longer_pureCorNoise] itr #5 | backtrack iters: 1
2017-08-06 19:00:53.147165 PDT | [longer_pureCorNoise] itr #5 | computing loss after
2017-08-06 19:00:53.148764 PDT | [longer_pureCorNoise] itr #5 | optimization finished
2017-08-06 19:00:53.149125 PDT | [longer_pureCorNoise] itr #5 | Computing loss after
2017-08-06 19:00:53.175420 PDT | [longer_pureCorNoise] itr #5 | Computing KL after
2017-08-06 19:00:53.200904 PDT | [longer_pureCorNoise] itr #5 | Saving snapshot...
2017-08-06 19:00:53.203829 PDT | [longer_pureCorNoise] itr #5 | Saved
2017-08-06 19:00:53.203994 PDT | [longer_pureCorNoise] itr #5 | Saving visualization of paths
2017-08-06 19:00:54.965377 PDT | ----------------------  --------------
2017-08-06 19:00:54.965545 PDT | 0PolicyExecTime           18.68
2017-08-06 19:00:54.965660 PDT | 0EnvExecTime              21.3866
2017-08-06 19:00:54.965762 PDT | 0ProcessExecTime           0.776944
2017-08-06 19:00:54.965862 PDT | 0AverageReturn            91.5833
2017-08-06 19:00:54.965960 PDT | 0ExplainedVariance         0.0945645
2017-08-06 19:00:54.966058 PDT | 0NumTrajs               1200
2017-08-06 19:00:54.966155 PDT | 0Entropy                   2.73313
2017-08-06 19:00:54.966253 PDT | 0Perplexity               15.3809
2017-08-06 19:00:54.966350 PDT | 0StdReturn               292.211
2017-08-06 19:00:54.966456 PDT | 0MaxReturn              1800
2017-08-06 19:00:54.966555 PDT | 0MinReturn                 0
2017-08-06 19:00:54.966653 PDT | 0AveragePolicyStd          0.948992
2017-08-06 19:00:54.966750 PDT | ComputeUpdatedDistTime     0.076328
2017-08-06 19:00:54.966847 PDT | 1PolicyExecTime           34.3272
2017-08-06 19:00:54.966944 PDT | 1EnvExecTime              25.4917
2017-08-06 19:00:54.967041 PDT | 1ProcessExecTime           0.896227
2017-08-06 19:00:54.967138 PDT | 1AverageReturn           557.833
2017-08-06 19:00:54.967235 PDT | 1ExplainedVariance         0.474468
2017-08-06 19:00:54.967332 PDT | 1NumTrajs               1200
2017-08-06 19:00:54.967429 PDT | 1Entropy                   2.72861
2017-08-06 19:00:54.967526 PDT | 1Perplexity               15.3117
2017-08-06 19:00:54.967624 PDT | 1StdReturn               974.263
2017-08-06 19:00:54.967721 PDT | 1MaxReturn              2800
2017-08-06 19:00:54.967824 PDT | 1MinReturn                 0
2017-08-06 19:00:54.967919 PDT | 1AveragePolicyStd          0.946858
2017-08-06 19:00:54.968015 PDT | MeanKLBefore              -1.86264e-09
2017-08-06 19:00:54.968112 PDT | MeanKL                     0.00753364
2017-08-06 19:00:54.968209 PDT | LossBefore                -1.86265e-09
2017-08-06 19:00:54.968305 PDT | LossAfter                 -0.00580392
2017-08-06 19:00:54.968402 PDT | dLoss                      0.00580391
2017-08-06 19:00:54.968498 PDT | Time                     698.907
2017-08-06 19:00:54.968595 PDT | ItrTime                  105.142
2017-08-06 19:00:54.968691 PDT | ----------------------  --------------
2017-08-06 19:00:54.968882 PDT | [longer_pureCorNoise] itr #6 | Sampling set of tasks/goals for this meta-batch...
2017-08-06 19:00:54.974721 PDT | [longer_pureCorNoise] itr #6 | ** Step 0 **
2017-08-06 19:00:54.975545 PDT | [longer_pureCorNoise] itr #6 | Obtaining samples...
2017-08-06 19:00:54.975696 PDT | [longer_pureCorNoise] itr #6 | Obtaining samples for iteration 6...
2017-08-06 19:01:39.173817 PDT | [longer_pureCorNoise] itr #6 | Processing samples...
2017-08-06 19:01:39.498584 PDT | [longer_pureCorNoise] itr #6 | fitting baseline...
2017-08-06 19:01:39.547530 PDT | [longer_pureCorNoise] itr #6 | fitted
2017-08-06 19:01:39.668304 PDT | [longer_pureCorNoise] itr #6 | Logging diagnostics...
2017-08-06 19:01:39.674345 PDT | [longer_pureCorNoise] itr #6 | Computing policy updates...
2017-08-06 19:01:39.760024 PDT | [longer_pureCorNoise] itr #6 | ** Step 1 **
2017-08-06 19:01:39.760233 PDT | [longer_pureCorNoise] itr #6 | Obtaining samples...
2017-08-06 19:01:39.760363 PDT | [longer_pureCorNoise] itr #6 | Obtaining samples for iteration 6...
2017-08-06 19:02:38.272018 PDT | [longer_pureCorNoise] itr #6 | Processing samples...
2017-08-06 19:02:38.508456 PDT | [longer_pureCorNoise] itr #6 | fitting baseline...
2017-08-06 19:02:38.563531 PDT | [longer_pureCorNoise] itr #6 | fitted
2017-08-06 19:02:38.700974 PDT | [longer_pureCorNoise] itr #6 | Logging diagnostics...
2017-08-06 19:02:38.707305 PDT | [longer_pureCorNoise] itr #6 | Optimizing policy...
2017-08-06 19:02:38.707710 PDT | [longer_pureCorNoise] itr #6 | Computing KL before
2017-08-06 19:02:38.737295 PDT | [longer_pureCorNoise] itr #6 | Computing loss before
2017-08-06 19:02:38.765068 PDT | [longer_pureCorNoise] itr #6 | Optimizing
2017-08-06 19:02:38.765937 PDT | [longer_pureCorNoise] itr #6 | Start CG optimization: #parameters: 1540, #inputs: 15000, #subsample_inputs: 15000
2017-08-06 19:02:38.766095 PDT | [longer_pureCorNoise] itr #6 | computing loss before
2017-08-06 19:02:38.794278 PDT | [longer_pureCorNoise] itr #6 | performing update
2017-08-06 19:02:38.794541 PDT | [longer_pureCorNoise] itr #6 | computing gradient
2017-08-06 19:02:38.874843 PDT | [longer_pureCorNoise] itr #6 | gradient computed
2017-08-06 19:02:38.875200 PDT | [longer_pureCorNoise] itr #6 | computing descent direction
2017-08-06 19:02:40.476326 PDT | [longer_pureCorNoise] itr #6 | descent direction computed
2017-08-06 19:02:40.534372 PDT | [longer_pureCorNoise] itr #6 | backtrack iters: 1
2017-08-06 19:02:40.534594 PDT | [longer_pureCorNoise] itr #6 | computing loss after
2017-08-06 19:02:40.534716 PDT | [longer_pureCorNoise] itr #6 | optimization finished
2017-08-06 19:02:40.534833 PDT | [longer_pureCorNoise] itr #6 | Computing loss after
2017-08-06 19:02:40.559098 PDT | [longer_pureCorNoise] itr #6 | Computing KL after
2017-08-06 19:02:40.582777 PDT | [longer_pureCorNoise] itr #6 | Saving snapshot...
2017-08-06 19:02:40.585492 PDT | [longer_pureCorNoise] itr #6 | Saved
2017-08-06 19:02:40.585646 PDT | [longer_pureCorNoise] itr #6 | Saving visualization of paths
2017-08-06 19:02:42.375204 PDT | ----------------------  --------------
2017-08-06 19:02:42.375377 PDT | 0PolicyExecTime           20.0187
2017-08-06 19:02:42.375499 PDT | 0EnvExecTime              22.9658
2017-08-06 19:02:42.375613 PDT | 0ProcessExecTime           0.842751
2017-08-06 19:02:42.375731 PDT | 0AverageReturn            98.9167
2017-08-06 19:02:42.375843 PDT | 0ExplainedVariance         0.0868201
2017-08-06 19:02:42.375955 PDT | 0NumTrajs               1200
2017-08-06 19:02:42.376067 PDT | 0Entropy                   2.70504
2017-08-06 19:02:42.376177 PDT | 0Perplexity               14.955
2017-08-06 19:02:42.376288 PDT | 0StdReturn               317.554
2017-08-06 19:02:42.376399 PDT | 0MaxReturn              2100
2017-08-06 19:02:42.376508 PDT | 0MinReturn                 0
2017-08-06 19:02:42.376618 PDT | 0AveragePolicyStd          0.935827
2017-08-06 19:02:42.376728 PDT | ComputeUpdatedDistTime     0.0854328
2017-08-06 19:02:42.376837 PDT | 1PolicyExecTime           33.0277
2017-08-06 19:02:42.376946 PDT | 1EnvExecTime              24.233
2017-08-06 19:02:42.377055 PDT | 1ProcessExecTime           0.861095
2017-08-06 19:02:42.377163 PDT | 1AverageReturn           542.75
2017-08-06 19:02:42.377273 PDT | 1ExplainedVariance         0.461553
2017-08-06 19:02:42.377382 PDT | 1NumTrajs               1200
2017-08-06 19:02:42.377491 PDT | 1Entropy                   2.70054
2017-08-06 19:02:42.377601 PDT | 1Perplexity               14.8878
2017-08-06 19:02:42.377717 PDT | 1StdReturn               952.373
2017-08-06 19:02:42.377827 PDT | 1MaxReturn              2800
2017-08-06 19:02:42.377936 PDT | 1MinReturn                 0
2017-08-06 19:02:42.378045 PDT | 1AveragePolicyStd          0.933733
2017-08-06 19:02:42.378154 PDT | MeanKLBefore               0
2017-08-06 19:02:42.378263 PDT | MeanKL                     0.00726129
2017-08-06 19:02:42.378373 PDT | LossBefore                -6.98492e-10
2017-08-06 19:02:42.378497 PDT | LossAfter                 -0.00683648
2017-08-06 19:02:42.378597 PDT | dLoss                      0.00683647
2017-08-06 19:02:42.378695 PDT | Time                     806.289
2017-08-06 19:02:42.378793 PDT | ItrTime                  105.617
2017-08-06 19:02:42.378890 PDT | ----------------------  --------------
2017-08-06 19:02:42.379070 PDT | [longer_pureCorNoise] itr #7 | Sampling set of tasks/goals for this meta-batch...
2017-08-06 19:02:42.385075 PDT | [longer_pureCorNoise] itr #7 | ** Step 0 **
2017-08-06 19:02:42.385672 PDT | [longer_pureCorNoise] itr #7 | Obtaining samples...
2017-08-06 19:02:42.386019 PDT | [longer_pureCorNoise] itr #7 | Obtaining samples for iteration 7...
2017-08-06 19:03:27.314091 PDT | [longer_pureCorNoise] itr #7 | Processing samples...
2017-08-06 19:03:27.533740 PDT | [longer_pureCorNoise] itr #7 | fitting baseline...
2017-08-06 19:03:27.589282 PDT | [longer_pureCorNoise] itr #7 | fitted
2017-08-06 19:03:27.689945 PDT | [longer_pureCorNoise] itr #7 | Logging diagnostics...
2017-08-06 19:03:27.693459 PDT | [longer_pureCorNoise] itr #7 | Computing policy updates...
2017-08-06 19:03:27.773494 PDT | [longer_pureCorNoise] itr #7 | ** Step 1 **
2017-08-06 19:03:27.773699 PDT | [longer_pureCorNoise] itr #7 | Obtaining samples...
2017-08-06 19:03:27.773829 PDT | [longer_pureCorNoise] itr #7 | Obtaining samples for iteration 7...
2017-08-06 19:04:24.458244 PDT | [longer_pureCorNoise] itr #7 | Processing samples...
2017-08-06 19:04:24.746645 PDT | [longer_pureCorNoise] itr #7 | fitting baseline...
2017-08-06 19:04:24.799443 PDT | [longer_pureCorNoise] itr #7 | fitted
2017-08-06 19:04:24.894317 PDT | [longer_pureCorNoise] itr #7 | Logging diagnostics...
2017-08-06 19:04:24.897430 PDT | [longer_pureCorNoise] itr #7 | Optimizing policy...
2017-08-06 19:04:24.897612 PDT | [longer_pureCorNoise] itr #7 | Computing KL before
2017-08-06 19:04:24.924754 PDT | [longer_pureCorNoise] itr #7 | Computing loss before
2017-08-06 19:04:24.961196 PDT | [longer_pureCorNoise] itr #7 | Optimizing
2017-08-06 19:04:24.962186 PDT | [longer_pureCorNoise] itr #7 | Start CG optimization: #parameters: 1540, #inputs: 15000, #subsample_inputs: 15000
2017-08-06 19:04:24.962386 PDT | [longer_pureCorNoise] itr #7 | computing loss before
2017-08-06 19:04:24.991644 PDT | [longer_pureCorNoise] itr #7 | performing update
2017-08-06 19:04:24.991835 PDT | [longer_pureCorNoise] itr #7 | computing gradient
2017-08-06 19:04:25.072825 PDT | [longer_pureCorNoise] itr #7 | gradient computed
