2017-07-26 17:05:37.799444 PDT | [point_5] Populating workers...
2017-07-26 17:05:37.799881 PDT | [point_5] Populated
2017-07-26 17:05:37.800182 PDT | [point_5] itr #0 | Obtaining samples...
2017-07-26 17:05:43.112796 PDT | [point_5] itr #0 | Processing samples...
2017-07-26 17:05:43.113703 PDT | [point_5] itr #0 | fitting baseline...
2017-07-26 17:05:43.124020 PDT | [point_5] itr #0 | fitted
2017-07-26 17:05:43.129577 PDT | [point_5] itr #0 | Logging diagnostics...
2017-07-26 17:05:43.130131 PDT | [point_5] itr #0 | Optimizing policy...
2017-07-26 17:05:43.130357 PDT | [point_5] itr #0 | optimizing policy
2017-07-26 17:05:43.196683 PDT | [point_5] itr #0 | Saving snapshot...
2017-07-26 17:05:43.206087 PDT | [point_5] itr #0 | Saved
2017-07-26 17:05:43.207190 PDT | -----------------  -------------
2017-07-26 17:05:43.207425 PDT | TotalExecTime         5.31125
2017-07-26 17:05:43.207624 PDT | AverageReturn       427.5
2017-07-26 17:05:43.207811 PDT | ExplainedVariance     0.164334
2017-07-26 17:05:43.207997 PDT | NumTrajs             40
2017-07-26 17:05:43.208182 PDT | Entropy               2.4367
2017-07-26 17:05:43.208366 PDT | Perplexity           11.4353
2017-07-26 17:05:43.208550 PDT | StdReturn           327.862
2017-07-26 17:05:43.208733 PDT | MaxReturn          1900
2017-07-26 17:05:43.208916 PDT | MinReturn             0
2017-07-26 17:05:43.209099 PDT | AveragePolicyStd      0.82843
2017-07-26 17:05:43.209281 PDT | LossBefore            0.00859408
2017-07-26 17:05:43.209463 PDT | LossAfter            -0.211648
2017-07-26 17:05:43.209644 PDT | MeanKL                2.22564
2017-07-26 17:05:43.209825 PDT | MaxKL                 5.25776
2017-07-26 17:05:43.210007 PDT | Time                  5.40618
2017-07-26 17:05:43.210188 PDT | ItrTime               5.40618
2017-07-26 17:05:43.210369 PDT | -----------------  -------------
2017-07-26 17:05:43.210720 PDT | [point_5] itr #1 | Obtaining samples...
2017-07-26 17:05:46.325673 PDT | [point_5] itr #1 | Processing samples...
2017-07-26 17:05:46.326151 PDT | [point_5] itr #1 | fitting baseline...
2017-07-26 17:05:46.327774 PDT | [point_5] itr #1 | fitted
2017-07-26 17:05:46.332334 PDT | [point_5] itr #1 | Logging diagnostics...
2017-07-26 17:05:46.332775 PDT | [point_5] itr #1 | Optimizing policy...
2017-07-26 17:05:46.332950 PDT | [point_5] itr #1 | optimizing policy
2017-07-26 17:05:46.362992 PDT | [point_5] itr #1 | Saving snapshot...
2017-07-26 17:05:46.368481 PDT | [point_5] itr #1 | Saved
2017-07-26 17:05:46.369440 PDT | -----------------  ------------
2017-07-26 17:05:46.369928 PDT | TotalExecTime         3.11395
2017-07-26 17:05:46.370157 PDT | AverageReturn       952.5
2017-07-26 17:05:46.370370 PDT | ExplainedVariance     0.322412
2017-07-26 17:05:46.370593 PDT | NumTrajs             40
2017-07-26 17:05:46.370801 PDT | Entropy               2.4453
2017-07-26 17:05:46.371019 PDT | Perplexity           11.534
2017-07-26 17:05:46.371227 PDT | StdReturn           437.6
2017-07-26 17:05:46.371435 PDT | MaxReturn          2300
2017-07-26 17:05:46.371639 PDT | MinReturn           200
2017-07-26 17:05:46.371846 PDT | AveragePolicyStd      0.832681
2017-07-26 17:05:46.372061 PDT | LossBefore            0.0130093
2017-07-26 17:05:46.372268 PDT | LossAfter            -0.157116
2017-07-26 17:05:46.372474 PDT | MeanKL                1.40494
2017-07-26 17:05:46.372680 PDT | MaxKL                 2.33604
2017-07-26 17:05:46.372886 PDT | Time                  8.56857
2017-07-26 17:05:46.373805 PDT | ItrTime               3.15803
2017-07-26 17:05:46.374021 PDT | -----------------  ------------
2017-07-26 17:05:46.374314 PDT | [point_5] itr #2 | Obtaining samples...
2017-07-26 17:05:49.373159 PDT | [point_5] itr #2 | Processing samples...
2017-07-26 17:05:49.373667 PDT | [point_5] itr #2 | fitting baseline...
2017-07-26 17:05:49.389115 PDT | [point_5] itr #2 | fitted
2017-07-26 17:05:49.399009 PDT | [point_5] itr #2 | Logging diagnostics...
2017-07-26 17:05:49.400439 PDT | [point_5] itr #2 | Optimizing policy...
2017-07-26 17:05:49.401108 PDT | [point_5] itr #2 | optimizing policy
2017-07-26 17:05:49.415416 PDT | [point_5] itr #2 | Saving snapshot...
2017-07-26 17:05:49.421181 PDT | [point_5] itr #2 | Saved
2017-07-26 17:05:49.422175 PDT | -----------------  ------------
2017-07-26 17:05:49.422383 PDT | TotalExecTime         2.99763
2017-07-26 17:05:49.422579 PDT | AverageReturn      1082.5
2017-07-26 17:05:49.422758 PDT | ExplainedVariance     0.247263
2017-07-26 17:05:49.422935 PDT | NumTrajs             40
2017-07-26 17:05:49.423112 PDT | Entropy               2.4518
2017-07-26 17:05:49.423288 PDT | Perplexity           11.6092
2017-07-26 17:05:49.423468 PDT | StdReturn           825.799
2017-07-26 17:05:49.423644 PDT | MaxReturn          2900
2017-07-26 17:05:49.423821 PDT | MinReturn           100
2017-07-26 17:05:49.423997 PDT | AveragePolicyStd      0.835534
2017-07-26 17:05:49.424172 PDT | LossBefore           -0.0261651
2017-07-26 17:05:49.424348 PDT | LossAfter            -0.111351
2017-07-26 17:05:49.424526 PDT | MeanKL                0.431414
2017-07-26 17:05:49.424701 PDT | MaxKL                 1.25793
2017-07-26 17:05:49.424878 PDT | Time                 11.6212
2017-07-26 17:05:49.425053 PDT | ItrTime               3.0471
2017-07-26 17:05:49.425229 PDT | -----------------  ------------
2017-07-26 17:05:49.425492 PDT | [point_5] itr #3 | Obtaining samples...
2017-07-26 17:05:52.906276 PDT | [point_5] itr #3 | Processing samples...
2017-07-26 17:05:52.907014 PDT | [point_5] itr #3 | fitting baseline...
2017-07-26 17:05:52.909589 PDT | [point_5] itr #3 | fitted
2017-07-26 17:05:52.917115 PDT | [point_5] itr #3 | Logging diagnostics...
2017-07-26 17:05:52.917821 PDT | [point_5] itr #3 | Optimizing policy...
2017-07-26 17:05:52.918099 PDT | [point_5] itr #3 | optimizing policy
2017-07-26 17:05:52.927789 PDT | [point_5] itr #3 | Saving snapshot...
2017-07-26 17:05:52.935870 PDT | [point_5] itr #3 | Saved
2017-07-26 17:05:52.937266 PDT | -----------------  ------------
2017-07-26 17:05:52.937541 PDT | TotalExecTime         3.47974
2017-07-26 17:05:52.937786 PDT | AverageReturn      4900
2017-07-26 17:05:52.938027 PDT | ExplainedVariance     0.7788
2017-07-26 17:05:52.938263 PDT | NumTrajs             40
2017-07-26 17:05:52.938526 PDT | Entropy               2.43872
2017-07-26 17:05:52.938776 PDT | Perplexity           11.4584
2017-07-26 17:05:52.939004 PDT | StdReturn           921.954
2017-07-26 17:05:52.939230 PDT | MaxReturn          6400
2017-07-26 17:05:52.939457 PDT | MinReturn          2200
2017-07-26 17:05:52.939685 PDT | AveragePolicyStd      0.830539
2017-07-26 17:05:52.939911 PDT | LossBefore           -0.0517271
2017-07-26 17:05:52.940136 PDT | LossAfter            -0.151011
2017-07-26 17:05:52.940362 PDT | MeanKL                0.650393
2017-07-26 17:05:52.940587 PDT | MaxKL                 1.09046
2017-07-26 17:05:52.940814 PDT | Time                 15.136
2017-07-26 17:05:52.941040 PDT | ItrTime               3.51068
2017-07-26 17:05:52.941266 PDT | -----------------  ------------
2017-07-26 17:05:52.941600 PDT | [point_5] itr #4 | Obtaining samples...
2017-07-26 17:05:56.223404 PDT | [point_5] itr #4 | Processing samples...
2017-07-26 17:05:56.223984 PDT | [point_5] itr #4 | fitting baseline...
2017-07-26 17:05:56.232097 PDT | [point_5] itr #4 | fitted
2017-07-26 17:05:56.238059 PDT | [point_5] itr #4 | Logging diagnostics...
2017-07-26 17:05:56.238775 PDT | [point_5] itr #4 | Optimizing policy...
2017-07-26 17:05:56.239008 PDT | [point_5] itr #4 | optimizing policy
2017-07-26 17:05:56.253385 PDT | [point_5] itr #4 | Saving snapshot...
2017-07-26 17:05:56.266739 PDT | [point_5] itr #4 | Saved
2017-07-26 17:05:56.271053 PDT | -----------------  ------------
2017-07-26 17:05:56.271357 PDT | TotalExecTime         3.28047
2017-07-26 17:05:56.272690 PDT | AverageReturn      2252.5
2017-07-26 17:05:56.272942 PDT | ExplainedVariance     0.337854
2017-07-26 17:05:56.274301 PDT | NumTrajs             40
2017-07-26 17:05:56.274575 PDT | Entropy               2.41286
2017-07-26 17:05:56.275944 PDT | Perplexity           11.1658
2017-07-26 17:05:56.276197 PDT | StdReturn          1109.28
2017-07-26 17:05:56.277589 PDT | MaxReturn          4700
2017-07-26 17:05:56.277846 PDT | MinReturn             0
2017-07-26 17:05:56.279213 PDT | AveragePolicyStd      0.820085
2017-07-26 17:05:56.279467 PDT | LossBefore            0.0147706
2017-07-26 17:05:56.280797 PDT | LossAfter            -0.0776838
2017-07-26 17:05:56.281055 PDT | MeanKL                0.473666
2017-07-26 17:05:56.282386 PDT | MaxKL                 1.06749
2017-07-26 17:05:56.285541 PDT | Time                 18.4669
2017-07-26 17:05:56.285768 PDT | ItrTime               3.32545
2017-07-26 17:05:56.285960 PDT | -----------------  ------------
2017-07-26 17:05:56.286241 PDT | [point_5] itr #5 | Obtaining samples...
2017-07-26 17:06:00.482598 PDT | [point_5] itr #5 | Processing samples...
2017-07-26 17:06:00.483349 PDT | [point_5] itr #5 | fitting baseline...
2017-07-26 17:06:00.487522 PDT | [point_5] itr #5 | fitted
2017-07-26 17:06:00.498002 PDT | [point_5] itr #5 | Logging diagnostics...
2017-07-26 17:06:00.499002 PDT | [point_5] itr #5 | Optimizing policy...
2017-07-26 17:06:00.499484 PDT | [point_5] itr #5 | optimizing policy
2017-07-26 17:06:00.516679 PDT | [point_5] itr #5 | Saving snapshot...
2017-07-26 17:06:00.525867 PDT | [point_5] itr #5 | Saved
2017-07-26 17:06:00.527576 PDT | -----------------  ------------
2017-07-26 17:06:00.527932 PDT | TotalExecTime         4.19458
2017-07-26 17:06:00.528259 PDT | AverageReturn      5135
2017-07-26 17:06:00.528573 PDT | ExplainedVariance     0.826233
2017-07-26 17:06:00.528880 PDT | NumTrajs             40
2017-07-26 17:06:00.529185 PDT | Entropy               2.42024
2017-07-26 17:06:00.529490 PDT | Perplexity           11.2486
2017-07-26 17:06:00.529794 PDT | StdReturn           793.584
2017-07-26 17:06:00.530098 PDT | MaxReturn          6900
2017-07-26 17:06:00.530411 PDT | MinReturn          3200
2017-07-26 17:06:00.530719 PDT | AveragePolicyStd      0.823013
2017-07-26 17:06:00.531023 PDT | LossBefore           -0.0764715
2017-07-26 17:06:00.531326 PDT | LossAfter            -0.262813
2017-07-26 17:06:00.531627 PDT | MeanKL                1.32743
2017-07-26 17:06:00.531939 PDT | MaxKL                 2.23194
2017-07-26 17:06:00.532243 PDT | Time                 22.7261
2017-07-26 17:06:00.532546 PDT | ItrTime               4.24
2017-07-26 17:06:00.532864 PDT | -----------------  ------------
2017-07-26 17:06:00.533314 PDT | [point_5] itr #6 | Obtaining samples...
2017-07-26 17:06:04.964933 PDT | [point_5] itr #6 | Processing samples...
2017-07-26 17:06:04.965627 PDT | [point_5] itr #6 | fitting baseline...
2017-07-26 17:06:04.968022 PDT | [point_5] itr #6 | fitted
2017-07-26 17:06:04.974183 PDT | [point_5] itr #6 | Logging diagnostics...
2017-07-26 17:06:04.974775 PDT | [point_5] itr #6 | Optimizing policy...
2017-07-26 17:06:04.975018 PDT | [point_5] itr #6 | optimizing policy
2017-07-26 17:06:04.996768 PDT | [point_5] itr #6 | Saving snapshot...
2017-07-26 17:06:05.003279 PDT | [point_5] itr #6 | Saved
2017-07-26 17:06:05.004342 PDT | -----------------  -------------
2017-07-26 17:06:05.004567 PDT | TotalExecTime         4.43024
2017-07-26 17:06:05.004767 PDT | AverageReturn       957.5
2017-07-26 17:06:05.004961 PDT | ExplainedVariance     0.228492
2017-07-26 17:06:05.005161 PDT | NumTrajs             40
2017-07-26 17:06:05.005353 PDT | Entropy               2.38201
2017-07-26 17:06:05.005543 PDT | Perplexity           10.8266
2017-07-26 17:06:05.005732 PDT | StdReturn           580.038
2017-07-26 17:06:05.005919 PDT | MaxReturn          2800
2017-07-26 17:06:05.006114 PDT | MinReturn             0
2017-07-26 17:06:05.006304 PDT | AveragePolicyStd      0.80691
2017-07-26 17:06:05.006531 PDT | LossBefore            0.00782897
2017-07-26 17:06:05.006719 PDT | LossAfter            -0.0642227
2017-07-26 17:06:05.006906 PDT | MeanKL                0.334101
2017-07-26 17:06:05.007099 PDT | MaxKL                 1.02911
2017-07-26 17:06:05.007288 PDT | Time                 27.2034
2017-07-26 17:06:05.007476 PDT | ItrTime               4.47023
2017-07-26 17:06:05.007660 PDT | -----------------  -------------
