2017-08-14 14:49:47.242969 PDT | [point_2] Populating workers...
2017-08-14 14:49:47.243342 PDT | [point_2] Populated
2017-08-14 14:49:47.243591 PDT | [point_2] itr #0 | Obtaining samples...
2017-08-14 14:50:03.666040 PDT | [point_2] itr #0 | Processing samples...
2017-08-14 14:50:03.668488 PDT | [point_2] itr #0 | fitting baseline...
2017-08-14 14:50:03.690567 PDT | [point_2] itr #0 | fitted
2017-08-14 14:50:03.706780 PDT | [point_2] itr #0 | Logging diagnostics...
2017-08-14 14:50:03.709087 PDT | [point_2] itr #0 | Optimizing policy...
2017-08-14 14:50:03.709437 PDT | [point_2] itr #0 | optimizing policy
2017-08-14 14:50:03.773871 PDT | [point_2] itr #0 | Saving snapshot...
2017-08-14 14:50:03.778768 PDT | [point_2] itr #0 | Saved
2017-08-14 14:50:03.779032 PDT | [point_2] itr #0 | Saving visualization of paths
2017-08-14 14:50:03.992721 PDT | -----------------  ------------
2017-08-14 14:50:03.992957 PDT | AverageReturn        9.5
2017-08-14 14:50:03.993139 PDT | ExplainedVariance    0.11064
2017-08-14 14:50:03.993363 PDT | NumTrajs           200
2017-08-14 14:50:03.993591 PDT | Entropy              2.83804
2017-08-14 14:50:03.993820 PDT | Perplexity          17.0823
2017-08-14 14:50:03.993988 PDT | StdReturn           89.7761
2017-08-14 14:50:03.994145 PDT | MaxReturn          900
2017-08-14 14:50:03.994259 PDT | MinReturn            0
2017-08-14 14:50:03.994441 PDT | AveragePolicyStd     1.00032
2017-08-14 14:50:03.994667 PDT | LossBefore           0.00246313
2017-08-14 14:50:03.994894 PDT | LossAfter            0.00112201
2017-08-14 14:50:03.995115 PDT | MeanKL               0.00129506
2017-08-14 14:50:03.995243 PDT | MaxKL                0.00647681
2017-08-14 14:50:03.995345 PDT | Time                16.5354
2017-08-14 14:50:03.995500 PDT | ItrTime             16.5355
2017-08-14 14:50:03.995661 PDT | -----------------  ------------
2017-08-14 14:50:03.996039 PDT | [point_2] itr #1 | Obtaining samples...
2017-08-14 14:50:20.507201 PDT | [point_2] itr #1 | Processing samples...
2017-08-14 14:50:20.509349 PDT | [point_2] itr #1 | fitting baseline...
2017-08-14 14:50:20.517789 PDT | [point_2] itr #1 | fitted
2017-08-14 14:50:20.535431 PDT | [point_2] itr #1 | Logging diagnostics...
2017-08-14 14:50:20.536708 PDT | [point_2] itr #1 | Optimizing policy...
2017-08-14 14:50:20.536932 PDT | [point_2] itr #1 | optimizing policy
2017-08-14 14:50:20.570854 PDT | [point_2] itr #1 | Saving snapshot...
2017-08-14 14:50:20.575956 PDT | [point_2] itr #1 | Saved
2017-08-14 14:50:20.576167 PDT | [point_2] itr #1 | Saving visualization of paths
2017-08-14 14:50:20.767378 PDT | -----------------  -------------
2017-08-14 14:50:20.767586 PDT | AverageReturn        19
2017-08-14 14:50:20.767702 PDT | ExplainedVariance     0.165204
2017-08-14 14:50:20.767808 PDT | NumTrajs            200
2017-08-14 14:50:20.767910 PDT | Entropy               2.84051
2017-08-14 14:50:20.768012 PDT | Perplexity           17.1245
2017-08-14 14:50:20.768113 PDT | StdReturn           119.746
2017-08-14 14:50:20.768213 PDT | MaxReturn          1300
2017-08-14 14:50:20.768314 PDT | MinReturn             0
2017-08-14 14:50:20.768499 PDT | AveragePolicyStd      1.00176
2017-08-14 14:50:20.768637 PDT | LossBefore            0.0117572
2017-08-14 14:50:20.768800 PDT | LossAfter             0.00750336
2017-08-14 14:50:20.769017 PDT | MeanKL                0.00171006
2017-08-14 14:50:20.769191 PDT | MaxKL                 0.0107505
2017-08-14 14:50:20.769295 PDT | Time                 33.3326
2017-08-14 14:50:20.769406 PDT | ItrTime              16.5801
2017-08-14 14:50:20.769523 PDT | -----------------  -------------
2017-08-14 14:50:20.769765 PDT | [point_2] itr #2 | Obtaining samples...
2017-08-14 14:50:37.698573 PDT | [point_2] itr #2 | Processing samples...
2017-08-14 14:50:37.701601 PDT | [point_2] itr #2 | fitting baseline...
2017-08-14 14:50:37.719464 PDT | [point_2] itr #2 | fitted
2017-08-14 14:50:37.735865 PDT | [point_2] itr #2 | Logging diagnostics...
2017-08-14 14:50:37.736899 PDT | [point_2] itr #2 | Optimizing policy...
2017-08-14 14:50:37.737092 PDT | [point_2] itr #2 | optimizing policy
2017-08-14 14:50:37.758202 PDT | [point_2] itr #2 | Saving snapshot...
2017-08-14 14:50:37.762963 PDT | [point_2] itr #2 | Saved
2017-08-14 14:50:37.763266 PDT | [point_2] itr #2 | Saving visualization of paths
2017-08-14 14:50:37.962269 PDT | -----------------  -------------
2017-08-14 14:50:37.962521 PDT | AverageReturn        26.5
2017-08-14 14:50:37.962710 PDT | ExplainedVariance     0.251864
2017-08-14 14:50:37.962938 PDT | NumTrajs            200
2017-08-14 14:50:37.963273 PDT | Entropy               2.84639
2017-08-14 14:50:37.963463 PDT | Perplexity           17.2254
2017-08-14 14:50:37.963598 PDT | StdReturn           136.557
2017-08-14 14:50:37.963797 PDT | MaxReturn          1200
2017-08-14 14:50:37.964007 PDT | MinReturn             0
2017-08-14 14:50:37.964132 PDT | AveragePolicyStd      1.00468
2017-08-14 14:50:37.964240 PDT | LossBefore           -0.00119608
2017-08-14 14:50:37.964347 PDT | LossAfter            -0.00357737
2017-08-14 14:50:37.964465 PDT | MeanKL                0.00117528
2017-08-14 14:50:37.964607 PDT | MaxKL                 0.0080575
2017-08-14 14:50:37.964831 PDT | Time                 50.5197
2017-08-14 14:50:37.965049 PDT | ItrTime              16.9935
2017-08-14 14:50:37.965276 PDT | -----------------  -------------
2017-08-14 14:50:37.965471 PDT | [point_2] itr #3 | Obtaining samples...
2017-08-14 14:50:54.777047 PDT | [point_2] itr #3 | Processing samples...
2017-08-14 14:50:54.780277 PDT | [point_2] itr #3 | fitting baseline...
2017-08-14 14:50:54.789522 PDT | [point_2] itr #3 | fitted
2017-08-14 14:50:54.807476 PDT | [point_2] itr #3 | Logging diagnostics...
2017-08-14 14:50:54.808579 PDT | [point_2] itr #3 | Optimizing policy...
2017-08-14 14:50:54.808928 PDT | [point_2] itr #3 | optimizing policy
2017-08-14 14:50:54.823642 PDT | [point_2] itr #3 | Saving snapshot...
2017-08-14 14:50:54.828582 PDT | [point_2] itr #3 | Saved
2017-08-14 14:50:54.828788 PDT | [point_2] itr #3 | Saving visualization of paths
2017-08-14 14:50:55.064560 PDT | -----------------  --------------
2017-08-14 14:50:55.064744 PDT | AverageReturn        31
2017-08-14 14:50:55.064856 PDT | ExplainedVariance     0.229946
2017-08-14 14:50:55.064959 PDT | NumTrajs            200
2017-08-14 14:50:55.065058 PDT | Entropy               2.84579
2017-08-14 14:50:55.065272 PDT | Perplexity           17.2151
2017-08-14 14:50:55.065463 PDT | StdReturn           160.745
2017-08-14 14:50:55.065617 PDT | MaxReturn          1500
2017-08-14 14:50:55.065718 PDT | MinReturn             0
2017-08-14 14:50:55.065817 PDT | AveragePolicyStd      1.00434
2017-08-14 14:50:55.065915 PDT | LossBefore            0.00160315
2017-08-14 14:50:55.066013 PDT | LossAfter             0.000964416
2017-08-14 14:50:55.066113 PDT | MeanKL                4.36226e-05
2017-08-14 14:50:55.066310 PDT | MaxKL                 0.000640571
2017-08-14 14:50:55.066429 PDT | Time                 67.5852
2017-08-14 14:50:55.066529 PDT | ItrTime              16.8633
2017-08-14 14:50:55.066626 PDT | -----------------  --------------
2017-08-14 14:50:55.066849 PDT | [point_2] itr #4 | Obtaining samples...
2017-08-14 14:51:11.647242 PDT | [point_2] itr #4 | Processing samples...
2017-08-14 14:51:11.649268 PDT | [point_2] itr #4 | fitting baseline...
2017-08-14 14:51:11.656522 PDT | [point_2] itr #4 | fitted
2017-08-14 14:51:11.676089 PDT | [point_2] itr #4 | Logging diagnostics...
2017-08-14 14:51:11.677356 PDT | [point_2] itr #4 | Optimizing policy...
2017-08-14 14:51:11.677652 PDT | [point_2] itr #4 | optimizing policy
2017-08-14 14:51:11.704880 PDT | [point_2] itr #4 | Saving snapshot...
2017-08-14 14:51:11.710630 PDT | [point_2] itr #4 | Saved
2017-08-14 14:51:11.711102 PDT | [point_2] itr #4 | Saving visualization of paths
2017-08-14 14:51:11.920712 PDT | -----------------  --------------
2017-08-14 14:51:11.920961 PDT | AverageReturn        44.5
2017-08-14 14:51:11.921141 PDT | ExplainedVariance     0.258344
2017-08-14 14:51:11.921311 PDT | NumTrajs            200
2017-08-14 14:51:11.921475 PDT | Entropy               2.84659
2017-08-14 14:51:11.921648 PDT | Perplexity           17.2289
2017-08-14 14:51:11.921814 PDT | StdReturn           225.543
2017-08-14 14:51:11.921976 PDT | MaxReturn          1900
2017-08-14 14:51:11.922137 PDT | MinReturn             0
2017-08-14 14:51:11.922300 PDT | AveragePolicyStd      1.00478
2017-08-14 14:51:11.922462 PDT | LossBefore           -0.000567447
2017-08-14 14:51:11.922624 PDT | LossAfter            -0.00519942
2017-08-14 14:51:11.922785 PDT | MeanKL                0.00228289
2017-08-14 14:51:11.922946 PDT | MaxKL                 0.0146174
2017-08-14 14:51:11.923107 PDT | Time                 84.4675
2017-08-14 14:51:11.923269 PDT | ItrTime              16.6443
2017-08-14 14:51:11.923430 PDT | -----------------  --------------
2017-08-14 14:51:11.923680 PDT | [point_2] itr #5 | Obtaining samples...
2017-08-14 14:51:28.407984 PDT | [point_2] itr #5 | Processing samples...
2017-08-14 14:51:28.410040 PDT | [point_2] itr #5 | fitting baseline...
2017-08-14 14:51:28.417708 PDT | [point_2] itr #5 | fitted
2017-08-14 14:51:28.436621 PDT | [point_2] itr #5 | Logging diagnostics...
2017-08-14 14:51:28.437725 PDT | [point_2] itr #5 | Optimizing policy...
2017-08-14 14:51:28.437916 PDT | [point_2] itr #5 | optimizing policy
2017-08-14 14:51:28.451770 PDT | [point_2] itr #5 | Saving snapshot...
2017-08-14 14:51:28.456290 PDT | [point_2] itr #5 | Saved
2017-08-14 14:51:28.456548 PDT | [point_2] itr #5 | Saving visualization of paths
2017-08-14 14:51:28.649728 PDT | -----------------  --------------
2017-08-14 14:51:28.650020 PDT | AverageReturn        69
2017-08-14 14:51:28.650234 PDT | ExplainedVariance     0.294262
2017-08-14 14:51:28.650416 PDT | NumTrajs            200
2017-08-14 14:51:28.650628 PDT | Entropy               2.84631
2017-08-14 14:51:28.650845 PDT | Perplexity           17.224
2017-08-14 14:51:28.651057 PDT | StdReturn           238.199
2017-08-14 14:51:28.651246 PDT | MaxReturn          1600
2017-08-14 14:51:28.651350 PDT | MinReturn             0
2017-08-14 14:51:28.651484 PDT | AveragePolicyStd      1.00473
2017-08-14 14:51:28.651687 PDT | LossBefore            0.00385092
2017-08-14 14:51:28.651889 PDT | LossAfter             0.000253364
2017-08-14 14:51:28.652082 PDT | MeanKL                0.0020827
2017-08-14 14:51:28.652281 PDT | MaxKL                 0.0087429
2017-08-14 14:51:28.652385 PDT | Time                101.213
2017-08-14 14:51:28.652481 PDT | ItrTime              16.5329
2017-08-14 14:51:28.652576 PDT | -----------------  --------------
2017-08-14 14:51:28.652796 PDT | [point_2] itr #6 | Obtaining samples...
2017-08-14 14:51:45.020186 PDT | [point_2] itr #6 | Processing samples...
2017-08-14 14:51:45.022280 PDT | [point_2] itr #6 | fitting baseline...
2017-08-14 14:51:45.030594 PDT | [point_2] itr #6 | fitted
2017-08-14 14:51:45.049394 PDT | [point_2] itr #6 | Logging diagnostics...
2017-08-14 14:51:45.052430 PDT | [point_2] itr #6 | Optimizing policy...
2017-08-14 14:51:45.052586 PDT | [point_2] itr #6 | optimizing policy
2017-08-14 14:51:45.090162 PDT | [point_2] itr #6 | Saving snapshot...
2017-08-14 14:51:45.098505 PDT | [point_2] itr #6 | Saved
2017-08-14 14:51:45.099155 PDT | [point_2] itr #6 | Saving visualization of paths
2017-08-14 14:51:45.292083 PDT | -----------------  -------------
2017-08-14 14:51:45.292395 PDT | AverageReturn       169
2017-08-14 14:51:45.292619 PDT | ExplainedVariance     0.408809
2017-08-14 14:51:45.292824 PDT | NumTrajs            200
2017-08-14 14:51:45.293049 PDT | Entropy               2.84823
2017-08-14 14:51:45.293217 PDT | Perplexity           17.2572
2017-08-14 14:51:45.293380 PDT | StdReturn           408.582
2017-08-14 14:51:45.293587 PDT | MaxReturn          1800
2017-08-14 14:51:45.293810 PDT | MinReturn             0
2017-08-14 14:51:45.294030 PDT | AveragePolicyStd      1.00571
2017-08-14 14:51:45.294214 PDT | LossBefore           -0.0194273
2017-08-14 14:51:45.294412 PDT | LossAfter            -0.0260233
2017-08-14 14:51:45.294587 PDT | MeanKL                0.00480018
2017-08-14 14:51:45.294814 PDT | MaxKL                 0.023767
2017-08-14 14:51:45.295044 PDT | Time                117.856
2017-08-14 14:51:45.295255 PDT | ItrTime              16.4464
2017-08-14 14:51:45.295385 PDT | -----------------  -------------
2017-08-14 14:51:45.295556 PDT | [point_2] itr #7 | Obtaining samples...
2017-08-14 14:52:01.885929 PDT | [point_2] itr #7 | Processing samples...
2017-08-14 14:52:01.889087 PDT | [point_2] itr #7 | fitting baseline...
2017-08-14 14:52:01.906595 PDT | [point_2] itr #7 | fitted
2017-08-14 14:52:01.936997 PDT | [point_2] itr #7 | Logging diagnostics...
2017-08-14 14:52:01.947118 PDT | [point_2] itr #7 | Optimizing policy...
2017-08-14 14:52:01.947274 PDT | [point_2] itr #7 | optimizing policy
2017-08-14 14:52:01.963712 PDT | [point_2] itr #7 | Saving snapshot...
2017-08-14 14:52:01.969206 PDT | [point_2] itr #7 | Saved
2017-08-14 14:52:01.969439 PDT | [point_2] itr #7 | Saving visualization of paths
2017-08-14 14:52:02.150735 PDT | -----------------  -------------
2017-08-14 14:52:02.150983 PDT | AverageReturn       234
2017-08-14 14:52:02.151186 PDT | ExplainedVariance     0.449432
2017-08-14 14:52:02.151401 PDT | NumTrajs            200
2017-08-14 14:52:02.151615 PDT | Entropy               2.83852
2017-08-14 14:52:02.151819 PDT | Perplexity           17.0904
2017-08-14 14:52:02.152038 PDT | StdReturn           510.827
2017-08-14 14:52:02.152255 PDT | MaxReturn          2200
2017-08-14 14:52:02.152470 PDT | MinReturn             0
2017-08-14 14:52:02.152636 PDT | AveragePolicyStd      1.00082
2017-08-14 14:52:02.152761 PDT | LossBefore           -0.0223172
2017-08-14 14:52:02.152933 PDT | LossAfter            -0.0277234
2017-08-14 14:52:02.153137 PDT | MeanKL                0.00416028
2017-08-14 14:52:02.153351 PDT | MaxKL                 0.0199047
2017-08-14 14:52:02.153565 PDT | Time                134.726
2017-08-14 14:52:02.153751 PDT | ItrTime              16.6739
2017-08-14 14:52:02.153968 PDT | -----------------  -------------
2017-08-14 14:52:02.154282 PDT | [point_2] itr #8 | Obtaining samples...
2017-08-14 14:52:18.893164 PDT | [point_2] itr #8 | Processing samples...
2017-08-14 14:52:18.896328 PDT | [point_2] itr #8 | fitting baseline...
2017-08-14 14:52:18.911487 PDT | [point_2] itr #8 | fitted
2017-08-14 14:52:18.931866 PDT | [point_2] itr #8 | Logging diagnostics...
2017-08-14 14:52:18.932991 PDT | [point_2] itr #8 | Optimizing policy...
2017-08-14 14:52:18.933251 PDT | [point_2] itr #8 | optimizing policy
2017-08-14 14:52:18.994664 PDT | [point_2] itr #8 | Saving snapshot...
2017-08-14 14:52:18.999005 PDT | [point_2] itr #8 | Saved
2017-08-14 14:52:18.999177 PDT | [point_2] itr #8 | Saving visualization of paths
2017-08-14 14:52:19.206436 PDT | -----------------  -------------
2017-08-14 14:52:19.206628 PDT | AverageReturn       330
2017-08-14 14:52:19.206848 PDT | ExplainedVariance     0.505073
2017-08-14 14:52:19.207002 PDT | NumTrajs            200
2017-08-14 14:52:19.207131 PDT | Entropy               2.82736
2017-08-14 14:52:19.207258 PDT | Perplexity           16.9008
2017-08-14 14:52:19.207383 PDT | StdReturn           549.545
2017-08-14 14:52:19.207531 PDT | MaxReturn          2300
2017-08-14 14:52:19.207708 PDT | MinReturn             0
2017-08-14 14:52:19.207917 PDT | AveragePolicyStd      0.995226
2017-08-14 14:52:19.208144 PDT | LossBefore           -0.0247454
2017-08-14 14:52:19.208363 PDT | LossAfter            -0.0355043
2017-08-14 14:52:19.208571 PDT | MeanKL                0.00969707
2017-08-14 14:52:19.208683 PDT | MaxKL                 0.0389901
2017-08-14 14:52:19.208787 PDT | Time                151.756
2017-08-14 14:52:19.208911 PDT | ItrTime              16.8449
2017-08-14 14:52:19.209057 PDT | -----------------  -------------
2017-08-14 14:52:19.209281 PDT | [point_2] itr #9 | Obtaining samples...
2017-08-14 14:52:35.689804 PDT | [point_2] itr #9 | Processing samples...
2017-08-14 14:52:35.692165 PDT | [point_2] itr #9 | fitting baseline...
2017-08-14 14:52:35.700243 PDT | [point_2] itr #9 | fitted
2017-08-14 14:52:35.713825 PDT | [point_2] itr #9 | Logging diagnostics...
2017-08-14 14:52:35.714707 PDT | [point_2] itr #9 | Optimizing policy...
2017-08-14 14:52:35.715059 PDT | [point_2] itr #9 | optimizing policy
2017-08-14 14:52:35.735572 PDT | [point_2] itr #9 | Saving snapshot...
2017-08-14 14:52:35.742235 PDT | [point_2] itr #9 | Saved
2017-08-14 14:52:35.742520 PDT | [point_2] itr #9 | Saving visualization of paths
2017-08-14 14:52:35.964054 PDT | -----------------  ------------
2017-08-14 14:52:35.964326 PDT | AverageReturn       558.5
2017-08-14 14:52:35.964562 PDT | ExplainedVariance     0.583087
2017-08-14 14:52:35.964781 PDT | NumTrajs            200
2017-08-14 14:52:35.965004 PDT | Entropy               2.81499
2017-08-14 14:52:35.965229 PDT | Perplexity           16.693
2017-08-14 14:52:35.965349 PDT | StdReturn           707.551
2017-08-14 14:52:35.965454 PDT | MaxReturn          2500
2017-08-14 14:52:35.965555 PDT | MinReturn             0
2017-08-14 14:52:35.965726 PDT | AveragePolicyStd      0.989108
2017-08-14 14:52:35.965937 PDT | LossBefore           -0.0285468
2017-08-14 14:52:35.966056 PDT | LossAfter            -0.0466363
2017-08-14 14:52:35.966169 PDT | MeanKL                0.0192176
2017-08-14 14:52:35.966278 PDT | MaxKL                 0.0688724
2017-08-14 14:52:35.966379 PDT | Time                168.499
2017-08-14 14:52:35.966479 PDT | ItrTime              16.5332
2017-08-14 14:52:35.966627 PDT | -----------------  ------------
2017-08-14 14:52:35.966950 PDT | [point_2] itr #10 | Obtaining samples...
2017-08-14 14:52:52.631271 PDT | [point_2] itr #10 | Processing samples...
2017-08-14 14:52:52.633959 PDT | [point_2] itr #10 | fitting baseline...
2017-08-14 14:52:52.642899 PDT | [point_2] itr #10 | fitted
2017-08-14 14:52:52.657742 PDT | [point_2] itr #10 | Logging diagnostics...
2017-08-14 14:52:52.658910 PDT | [point_2] itr #10 | Optimizing policy...
2017-08-14 14:52:52.659132 PDT | [point_2] itr #10 | optimizing policy
2017-08-14 14:52:52.696208 PDT | [point_2] itr #10 | Saving snapshot...
2017-08-14 14:52:52.702113 PDT | [point_2] itr #10 | Saved
2017-08-14 14:52:52.702352 PDT | [point_2] itr #10 | Saving visualization of paths
2017-08-14 14:52:53.020326 PDT | -----------------  ------------
2017-08-14 14:52:53.020509 PDT | AverageReturn       985
2017-08-14 14:52:53.020623 PDT | ExplainedVariance     0.649621
2017-08-14 14:52:53.020800 PDT | NumTrajs            200
2017-08-14 14:52:53.020904 PDT | Entropy               2.80071
2017-08-14 14:52:53.021006 PDT | Perplexity           16.4564
2017-08-14 14:52:53.021154 PDT | StdReturn           772.9
2017-08-14 14:52:53.021364 PDT | MaxReturn          2400
2017-08-14 14:52:53.021555 PDT | MinReturn             0
2017-08-14 14:52:53.021773 PDT | AveragePolicyStd      0.982021
2017-08-14 14:52:53.021959 PDT | LossBefore           -0.0344049
2017-08-14 14:52:53.022091 PDT | LossAfter            -0.0610247
2017-08-14 14:52:53.022194 PDT | MeanKL                0.0390283
2017-08-14 14:52:53.022297 PDT | MaxKL                 0.219339
2017-08-14 14:52:53.022455 PDT | Time                185.459
2017-08-14 14:52:53.022614 PDT | ItrTime              16.7354
2017-08-14 14:52:53.022783 PDT | -----------------  ------------
2017-08-14 14:52:53.023108 PDT | [point_2] itr #11 | Obtaining samples...
2017-08-14 14:53:09.444206 PDT | [point_2] itr #11 | Processing samples...
2017-08-14 14:53:09.446766 PDT | [point_2] itr #11 | fitting baseline...
2017-08-14 14:53:09.462776 PDT | [point_2] itr #11 | fitted
2017-08-14 14:53:09.492789 PDT | [point_2] itr #11 | Logging diagnostics...
2017-08-14 14:53:09.503230 PDT | [point_2] itr #11 | Optimizing policy...
2017-08-14 14:53:09.503470 PDT | [point_2] itr #11 | optimizing policy
2017-08-14 14:53:09.517051 PDT | [point_2] itr #11 | Saving snapshot...
2017-08-14 14:53:09.522330 PDT | [point_2] itr #11 | Saved
2017-08-14 14:53:09.522572 PDT | [point_2] itr #11 | Saving visualization of paths
2017-08-14 14:53:09.723815 PDT | -----------------  ------------
2017-08-14 14:53:09.724068 PDT | AverageReturn      1431
2017-08-14 14:53:09.724245 PDT | ExplainedVariance     0.767865
2017-08-14 14:53:09.724412 PDT | NumTrajs            200
2017-08-14 14:53:09.724589 PDT | Entropy               2.78351
2017-08-14 14:53:09.724756 PDT | Perplexity           16.1757
2017-08-14 14:53:09.724920 PDT | StdReturn           672.636
2017-08-14 14:53:09.725085 PDT | MaxReturn          2700
2017-08-14 14:53:09.725257 PDT | MinReturn             0
2017-08-14 14:53:09.725420 PDT | AveragePolicyStd      0.973576
2017-08-14 14:53:09.725583 PDT | LossBefore           -0.0497731
2017-08-14 14:53:09.725745 PDT | LossAfter            -0.0861595
2017-08-14 14:53:09.725905 PDT | MeanKL                0.0618722
2017-08-14 14:53:09.726066 PDT | MaxKL                 0.362524
2017-08-14 14:53:09.726227 PDT | Time                202.279
2017-08-14 14:53:09.726386 PDT | ItrTime              16.4995
2017-08-14 14:53:09.726544 PDT | -----------------  ------------
2017-08-14 14:53:09.726795 PDT | [point_2] itr #12 | Obtaining samples...
2017-08-14 14:53:26.323051 PDT | [point_2] itr #12 | Processing samples...
2017-08-14 14:53:26.325279 PDT | [point_2] itr #12 | fitting baseline...
2017-08-14 14:53:26.332859 PDT | [point_2] itr #12 | fitted
2017-08-14 14:53:26.357999 PDT | [point_2] itr #12 | Logging diagnostics...
2017-08-14 14:53:26.359241 PDT | [point_2] itr #12 | Optimizing policy...
2017-08-14 14:53:26.359536 PDT | [point_2] itr #12 | optimizing policy
2017-08-14 14:53:26.377534 PDT | [point_2] itr #12 | Saving snapshot...
2017-08-14 14:53:26.385783 PDT | [point_2] itr #12 | Saved
2017-08-14 14:53:26.386816 PDT | [point_2] itr #12 | Saving visualization of paths
2017-08-14 14:53:26.586347 PDT | -----------------  ------------
2017-08-14 14:53:26.586559 PDT | AverageReturn      1795.5
2017-08-14 14:53:26.586784 PDT | ExplainedVariance     0.832613
2017-08-14 14:53:26.587011 PDT | NumTrajs            200
2017-08-14 14:53:26.587224 PDT | Entropy               2.75862
2017-08-14 14:53:26.587439 PDT | Perplexity           15.7781
2017-08-14 14:53:26.587654 PDT | StdReturn           613.539
2017-08-14 14:53:26.587851 PDT | MaxReturn          2700
2017-08-14 14:53:26.588017 PDT | MinReturn             0
2017-08-14 14:53:26.588121 PDT | AveragePolicyStd      0.961614
2017-08-14 14:53:26.588223 PDT | LossBefore           -0.0375807
2017-08-14 14:53:26.588324 PDT | LossAfter            -0.0738157
2017-08-14 14:53:26.588423 PDT | MeanKL                0.0693925
2017-08-14 14:53:26.588620 PDT | MaxKL                 0.326954
2017-08-14 14:53:26.588842 PDT | Time                219.143
2017-08-14 14:53:26.589057 PDT | ItrTime              16.66
2017-08-14 14:53:26.589262 PDT | -----------------  ------------
2017-08-14 14:53:26.589586 PDT | [point_2] itr #13 | Obtaining samples...
2017-08-14 14:53:43.019027 PDT | [point_2] itr #13 | Processing samples...
2017-08-14 14:53:43.021246 PDT | [point_2] itr #13 | fitting baseline...
2017-08-14 14:53:43.035830 PDT | [point_2] itr #13 | fitted
2017-08-14 14:53:43.063153 PDT | [point_2] itr #13 | Logging diagnostics...
2017-08-14 14:53:43.064195 PDT | [point_2] itr #13 | Optimizing policy...
2017-08-14 14:53:43.074085 PDT | [point_2] itr #13 | optimizing policy
2017-08-14 14:53:43.096731 PDT | [point_2] itr #13 | Saving snapshot...
2017-08-14 14:53:43.102865 PDT | [point_2] itr #13 | Saved
2017-08-14 14:53:43.103868 PDT | [point_2] itr #13 | Saving visualization of paths
2017-08-14 14:53:43.288401 PDT | -----------------  ------------
2017-08-14 14:53:43.288689 PDT | AverageReturn      2139.5
2017-08-14 14:53:43.288898 PDT | ExplainedVariance     0.915453
2017-08-14 14:53:43.289109 PDT | NumTrajs            200
2017-08-14 14:53:43.289314 PDT | Entropy               2.73983
2017-08-14 14:53:43.289521 PDT | Perplexity           15.4844
2017-08-14 14:53:43.289721 PDT | StdReturn           380.775
2017-08-14 14:53:43.289934 PDT | MaxReturn          2800
2017-08-14 14:53:43.290070 PDT | MinReturn           400
2017-08-14 14:53:43.290167 PDT | AveragePolicyStd      0.952616
2017-08-14 14:53:43.290263 PDT | LossBefore           -0.0422717
2017-08-14 14:53:43.290357 PDT | LossAfter            -0.052149
2017-08-14 14:53:43.290451 PDT | MeanKL                0.0184421
2017-08-14 14:53:43.290576 PDT | MaxKL                 0.0756908
2017-08-14 14:53:43.290773 PDT | Time                235.86
2017-08-14 14:53:43.290970 PDT | ItrTime              16.5143
2017-08-14 14:53:43.291179 PDT | -----------------  ------------
2017-08-14 14:53:43.291464 PDT | [point_2] itr #14 | Obtaining samples...
2017-08-14 14:53:59.714783 PDT | [point_2] itr #14 | Processing samples...
2017-08-14 14:53:59.717050 PDT | [point_2] itr #14 | fitting baseline...
2017-08-14 14:53:59.726592 PDT | [point_2] itr #14 | fitted
2017-08-14 14:53:59.745353 PDT | [point_2] itr #14 | Logging diagnostics...
2017-08-14 14:53:59.746458 PDT | [point_2] itr #14 | Optimizing policy...
2017-08-14 14:53:59.746650 PDT | [point_2] itr #14 | optimizing policy
2017-08-14 14:53:59.765197 PDT | [point_2] itr #14 | Saving snapshot...
2017-08-14 14:53:59.770726 PDT | [point_2] itr #14 | Saved
2017-08-14 14:53:59.770949 PDT | [point_2] itr #14 | Saving visualization of paths
2017-08-14 14:53:59.968597 PDT | -----------------  ------------
2017-08-14 14:53:59.971536 PDT | AverageReturn      2240
2017-08-14 14:53:59.971780 PDT | ExplainedVariance     0.943449
2017-08-14 14:53:59.971996 PDT | NumTrajs            200
2017-08-14 14:53:59.972111 PDT | Entropy               2.7187
2017-08-14 14:53:59.972245 PDT | Perplexity           15.1606
2017-08-14 14:53:59.972372 PDT | StdReturn           358.887
2017-08-14 14:53:59.972516 PDT | MaxReturn          2900
2017-08-14 14:53:59.972622 PDT | MinReturn          1100
2017-08-14 14:53:59.972724 PDT | AveragePolicyStd      0.942681
2017-08-14 14:53:59.972843 PDT | LossBefore           -0.0686611
2017-08-14 14:53:59.973036 PDT | LossAfter            -0.0994689
2017-08-14 14:53:59.973270 PDT | MeanKL                0.0731441
2017-08-14 14:53:59.973491 PDT | MaxKL                 0.368542
2017-08-14 14:53:59.973709 PDT | Time                252.527
2017-08-14 14:53:59.973918 PDT | ItrTime              16.4795
2017-08-14 14:53:59.974093 PDT | -----------------  ------------
2017-08-14 14:53:59.974369 PDT | [point_2] itr #15 | Obtaining samples...
2017-08-14 14:54:16.664295 PDT | [point_2] itr #15 | Processing samples...
2017-08-14 14:54:16.666320 PDT | [point_2] itr #15 | fitting baseline...
2017-08-14 14:54:16.681339 PDT | [point_2] itr #15 | fitted
2017-08-14 14:54:16.722187 PDT | [point_2] itr #15 | Logging diagnostics...
2017-08-14 14:54:16.723392 PDT | [point_2] itr #15 | Optimizing policy...
2017-08-14 14:54:16.726394 PDT | [point_2] itr #15 | optimizing policy
2017-08-14 14:54:16.744471 PDT | [point_2] itr #15 | Saving snapshot...
2017-08-14 14:54:16.754652 PDT | [point_2] itr #15 | Saved
2017-08-14 14:54:16.754838 PDT | [point_2] itr #15 | Saving visualization of paths
2017-08-14 14:54:16.956053 PDT | -----------------  ------------
2017-08-14 14:54:16.956307 PDT | AverageReturn      2393
2017-08-14 14:54:16.956479 PDT | ExplainedVariance     0.973045
2017-08-14 14:54:16.956644 PDT | NumTrajs            200
2017-08-14 14:54:16.956808 PDT | Entropy               2.68437
2017-08-14 14:54:16.956970 PDT | Perplexity           14.6489
2017-08-14 14:54:16.957137 PDT | StdReturn           268.795
2017-08-14 14:54:16.957304 PDT | MaxReturn          2900
2017-08-14 14:54:16.957468 PDT | MinReturn          1600
2017-08-14 14:54:16.957630 PDT | AveragePolicyStd      0.926607
2017-08-14 14:54:16.957791 PDT | LossBefore           -0.0587505
2017-08-14 14:54:16.957950 PDT | LossAfter            -0.0775533
2017-08-14 14:54:16.958111 PDT | MeanKL                0.0460824
2017-08-14 14:54:16.958272 PDT | MaxKL                 0.152679
2017-08-14 14:54:16.958432 PDT | Time                269.511
2017-08-14 14:54:16.958593 PDT | ItrTime              16.7805
2017-08-14 14:54:16.958754 PDT | -----------------  ------------
2017-08-14 14:54:16.959004 PDT | [point_2] itr #16 | Obtaining samples...
2017-08-14 14:54:33.749515 PDT | [point_2] itr #16 | Processing samples...
2017-08-14 14:54:33.751812 PDT | [point_2] itr #16 | fitting baseline...
2017-08-14 14:54:33.761059 PDT | [point_2] itr #16 | fitted
2017-08-14 14:54:33.788820 PDT | [point_2] itr #16 | Logging diagnostics...
2017-08-14 14:54:33.790114 PDT | [point_2] itr #16 | Optimizing policy...
2017-08-14 14:54:33.791076 PDT | [point_2] itr #16 | optimizing policy
2017-08-14 14:54:33.816273 PDT | [point_2] itr #16 | Saving snapshot...
2017-08-14 14:54:33.828292 PDT | [point_2] itr #16 | Saved
2017-08-14 14:54:33.828886 PDT | [point_2] itr #16 | Saving visualization of paths
2017-08-14 14:54:34.027909 PDT | -----------------  ------------
2017-08-14 14:54:34.028178 PDT | AverageReturn      2484
2017-08-14 14:54:34.028358 PDT | ExplainedVariance     0.9827
2017-08-14 14:54:34.028529 PDT | NumTrajs            200
2017-08-14 14:54:34.028695 PDT | Entropy               2.65499
2017-08-14 14:54:34.028858 PDT | Perplexity           14.2249
2017-08-14 14:54:34.029020 PDT | StdReturn           226.813
2017-08-14 14:54:34.029194 PDT | MaxReturn          2900
2017-08-14 14:54:34.029355 PDT | MinReturn          1700
2017-08-14 14:54:34.029517 PDT | AveragePolicyStd      0.91305
2017-08-14 14:54:34.029679 PDT | LossBefore           -0.0337168
2017-08-14 14:54:34.029841 PDT | LossAfter            -0.0493731
2017-08-14 14:54:34.030003 PDT | MeanKL                0.0430295
2017-08-14 14:54:34.030165 PDT | MaxKL                 0.134297
2017-08-14 14:54:34.030327 PDT | Time                286.585
2017-08-14 14:54:34.030490 PDT | ItrTime              16.8699
2017-08-14 14:54:34.030653 PDT | -----------------  ------------
2017-08-14 14:54:34.030906 PDT | [point_2] itr #17 | Obtaining samples...
2017-08-14 14:54:50.911165 PDT | [point_2] itr #17 | Processing samples...
2017-08-14 14:54:50.914141 PDT | [point_2] itr #17 | fitting baseline...
2017-08-14 14:54:50.922821 PDT | [point_2] itr #17 | fitted
2017-08-14 14:54:50.942259 PDT | [point_2] itr #17 | Logging diagnostics...
2017-08-14 14:54:50.943534 PDT | [point_2] itr #17 | Optimizing policy...
2017-08-14 14:54:50.943854 PDT | [point_2] itr #17 | optimizing policy
2017-08-14 14:54:50.981313 PDT | [point_2] itr #17 | Saving snapshot...
2017-08-14 14:54:50.989180 PDT | [point_2] itr #17 | Saved
2017-08-14 14:54:50.989909 PDT | [point_2] itr #17 | Saving visualization of paths
2017-08-14 14:54:51.191677 PDT | -----------------  ------------
2017-08-14 14:54:51.191973 PDT | AverageReturn      2509.5
2017-08-14 14:54:51.192197 PDT | ExplainedVariance     0.984342
2017-08-14 14:54:51.192422 PDT | NumTrajs            200
2017-08-14 14:54:51.192641 PDT | Entropy               2.63813
2017-08-14 14:54:51.192853 PDT | Perplexity           13.9871
2017-08-14 14:54:51.193041 PDT | StdReturn           210.142
2017-08-14 14:54:51.193248 PDT | MaxReturn          2900
2017-08-14 14:54:51.193472 PDT | MinReturn          1600
2017-08-14 14:54:51.193686 PDT | AveragePolicyStd      0.9054
2017-08-14 14:54:51.193899 PDT | LossBefore           -0.0331319
2017-08-14 14:54:51.194097 PDT | LossAfter            -0.0500996
2017-08-14 14:54:51.194321 PDT | MeanKL                0.0584055
2017-08-14 14:54:51.194543 PDT | MaxKL                 0.223692
2017-08-14 14:54:51.194761 PDT | Time                303.746
2017-08-14 14:54:51.194976 PDT | ItrTime              16.959
2017-08-14 14:54:51.195176 PDT | -----------------  ------------
2017-08-14 14:54:51.195501 PDT | [point_2] itr #18 | Obtaining samples...
2017-08-14 14:55:07.964222 PDT | [point_2] itr #18 | Processing samples...
2017-08-14 14:55:07.967150 PDT | [point_2] itr #18 | fitting baseline...
2017-08-14 14:55:07.976560 PDT | [point_2] itr #18 | fitted
2017-08-14 14:55:07.996236 PDT | [point_2] itr #18 | Logging diagnostics...
2017-08-14 14:55:07.997370 PDT | [point_2] itr #18 | Optimizing policy...
2017-08-14 14:55:07.997712 PDT | [point_2] itr #18 | optimizing policy
2017-08-14 14:55:08.024004 PDT | [point_2] itr #18 | Saving snapshot...
2017-08-14 14:55:08.040109 PDT | [point_2] itr #18 | Saved
2017-08-14 14:55:08.040785 PDT | [point_2] itr #18 | Saving visualization of paths
2017-08-14 14:55:08.220102 PDT | -----------------  ------------
2017-08-14 14:55:08.220347 PDT | AverageReturn      2569.5
2017-08-14 14:55:08.220463 PDT | ExplainedVariance     0.989092
2017-08-14 14:55:08.220564 PDT | NumTrajs            200
2017-08-14 14:55:08.220660 PDT | Entropy               2.62157
2017-08-14 14:55:08.220755 PDT | Perplexity           13.7573
2017-08-14 14:55:08.220853 PDT | StdReturn           191.101
2017-08-14 14:55:08.221007 PDT | MaxReturn          2900
2017-08-14 14:55:08.221189 PDT | MinReturn          1900
2017-08-14 14:55:08.221309 PDT | AveragePolicyStd      0.897866
2017-08-14 14:55:08.221408 PDT | LossBefore           -0.0411196
2017-08-14 14:55:08.221506 PDT | LossAfter            -0.0583577
2017-08-14 14:55:08.221626 PDT | MeanKL                0.0561803
2017-08-14 14:55:08.221753 PDT | MaxKL                 0.214113
2017-08-14 14:55:08.221904 PDT | Time                320.797
2017-08-14 14:55:08.222068 PDT | ItrTime              16.8453
2017-08-14 14:55:08.222190 PDT | -----------------  ------------
2017-08-14 14:55:08.222437 PDT | [point_2] itr #19 | Obtaining samples...
2017-08-14 14:55:25.794860 PDT | [point_2] itr #19 | Processing samples...
2017-08-14 14:55:25.797018 PDT | [point_2] itr #19 | fitting baseline...
2017-08-14 14:55:25.816241 PDT | [point_2] itr #19 | fitted
2017-08-14 14:55:25.864901 PDT | [point_2] itr #19 | Logging diagnostics...
2017-08-14 14:55:25.866060 PDT | [point_2] itr #19 | Optimizing policy...
2017-08-14 14:55:25.866261 PDT | [point_2] itr #19 | optimizing policy
2017-08-14 14:55:25.897407 PDT | [point_2] itr #19 | Saving snapshot...
2017-08-14 14:55:25.901356 PDT | [point_2] itr #19 | Saved
2017-08-14 14:55:25.901632 PDT | [point_2] itr #19 | Saving visualization of paths
2017-08-14 14:55:26.117147 PDT | -----------------  ------------
2017-08-14 14:55:26.117446 PDT | AverageReturn      2594
2017-08-14 14:55:26.117641 PDT | ExplainedVariance     0.989371
2017-08-14 14:55:26.117786 PDT | NumTrajs            200
2017-08-14 14:55:26.118004 PDT | Entropy               2.60101
2017-08-14 14:55:26.118226 PDT | Perplexity           13.4773
2017-08-14 14:55:26.118440 PDT | StdReturn           167.224
2017-08-14 14:55:26.118655 PDT | MaxReturn          2900
2017-08-14 14:55:26.118862 PDT | MinReturn          1900
2017-08-14 14:55:26.119067 PDT | AveragePolicyStd      0.88861
2017-08-14 14:55:26.119282 PDT | LossBefore           -0.032788
2017-08-14 14:55:26.119467 PDT | LossAfter            -0.0396814
2017-08-14 14:55:26.119683 PDT | MeanKL                0.0222703
2017-08-14 14:55:26.119903 PDT | MaxKL                 0.131308
2017-08-14 14:55:26.120120 PDT | Time                338.658
2017-08-14 14:55:26.120337 PDT | ItrTime              17.6792
2017-08-14 14:55:26.120556 PDT | -----------------  ------------
2017-08-14 14:55:26.120867 PDT | [point_2] itr #20 | Obtaining samples...
2017-08-14 14:55:43.448790 PDT | [point_2] itr #20 | Processing samples...
2017-08-14 14:55:43.454034 PDT | [point_2] itr #20 | fitting baseline...
2017-08-14 14:55:43.471062 PDT | [point_2] itr #20 | fitted
2017-08-14 14:55:43.500749 PDT | [point_2] itr #20 | Logging diagnostics...
2017-08-14 14:55:43.511490 PDT | [point_2] itr #20 | Optimizing policy...
2017-08-14 14:55:43.511739 PDT | [point_2] itr #20 | optimizing policy
2017-08-14 14:55:43.533569 PDT | [point_2] itr #20 | Saving snapshot...
2017-08-14 14:55:43.538319 PDT | [point_2] itr #20 | Saved
2017-08-14 14:55:43.538658 PDT | [point_2] itr #20 | Saving visualization of paths
2017-08-14 14:55:43.712562 PDT | -----------------  --------------
2017-08-14 14:55:43.712751 PDT | AverageReturn      2637
2017-08-14 14:55:43.712892 PDT | ExplainedVariance     0.992397
2017-08-14 14:55:43.713017 PDT | NumTrajs            200
2017-08-14 14:55:43.713155 PDT | Entropy               2.58461
2017-08-14 14:55:43.713303 PDT | Perplexity           13.2582
2017-08-14 14:55:43.713430 PDT | StdReturn           159.784
2017-08-14 14:55:43.713556 PDT | MaxReturn          3000
2017-08-14 14:55:43.713685 PDT | MinReturn          2100
2017-08-14 14:55:43.713816 PDT | AveragePolicyStd      0.88142
2017-08-14 14:55:43.713965 PDT | LossBefore           -0.000398503
2017-08-14 14:55:43.714110 PDT | LossAfter            -0.00434475
2017-08-14 14:55:43.714299 PDT | MeanKL                0.00931934
2017-08-14 14:55:43.714496 PDT | MaxKL                 0.0390949
2017-08-14 14:55:43.714635 PDT | Time                356.295
2017-08-14 14:55:43.714847 PDT | ItrTime              17.4178
2017-08-14 14:55:43.715069 PDT | -----------------  --------------
2017-08-14 14:55:43.715383 PDT | [point_2] itr #21 | Obtaining samples...
2017-08-14 14:56:00.132715 PDT | [point_2] itr #21 | Processing samples...
2017-08-14 14:56:00.134775 PDT | [point_2] itr #21 | fitting baseline...
2017-08-14 14:56:00.151031 PDT | [point_2] itr #21 | fitted
2017-08-14 14:56:00.192094 PDT | [point_2] itr #21 | Logging diagnostics...
2017-08-14 14:56:00.193307 PDT | [point_2] itr #21 | Optimizing policy...
2017-08-14 14:56:00.193555 PDT | [point_2] itr #21 | optimizing policy
2017-08-14 14:56:00.216863 PDT | [point_2] itr #21 | Saving snapshot...
2017-08-14 14:56:00.223181 PDT | [point_2] itr #21 | Saved
2017-08-14 14:56:00.223352 PDT | [point_2] itr #21 | Saving visualization of paths
2017-08-14 14:56:00.408923 PDT | -----------------  ------------
2017-08-14 14:56:00.409113 PDT | AverageReturn      2625.5
2017-08-14 14:56:00.409273 PDT | ExplainedVariance     0.992952
2017-08-14 14:56:00.409408 PDT | NumTrajs            200
2017-08-14 14:56:00.409534 PDT | Entropy               2.58442
2017-08-14 14:56:00.409661 PDT | Perplexity           13.2555
2017-08-14 14:56:00.409799 PDT | StdReturn           138.563
2017-08-14 14:56:00.410018 PDT | MaxReturn          2900
2017-08-14 14:56:00.410238 PDT | MinReturn          2200
2017-08-14 14:56:00.410455 PDT | AveragePolicyStd      0.881494
2017-08-14 14:56:00.410590 PDT | LossBefore           -0.0151615
2017-08-14 14:56:00.410694 PDT | LossAfter            -0.02011
2017-08-14 14:56:00.410827 PDT | MeanKL                0.0112806
2017-08-14 14:56:00.410929 PDT | MaxKL                 0.0507618
2017-08-14 14:56:00.411097 PDT | Time                372.98
2017-08-14 14:56:00.411252 PDT | ItrTime              16.508
2017-08-14 14:56:00.411472 PDT | -----------------  ------------
2017-08-14 14:56:00.411794 PDT | [point_2] itr #22 | Obtaining samples...
2017-08-14 14:56:17.228577 PDT | [point_2] itr #22 | Processing samples...
2017-08-14 14:56:17.230642 PDT | [point_2] itr #22 | fitting baseline...
2017-08-14 14:56:17.237920 PDT | [point_2] itr #22 | fitted
2017-08-14 14:56:17.258716 PDT | [point_2] itr #22 | Logging diagnostics...
2017-08-14 14:56:17.259975 PDT | [point_2] itr #22 | Optimizing policy...
2017-08-14 14:56:17.260266 PDT | [point_2] itr #22 | optimizing policy
2017-08-14 14:56:17.285126 PDT | [point_2] itr #22 | Saving snapshot...
2017-08-14 14:56:17.304964 PDT | [point_2] itr #22 | Saved
2017-08-14 14:56:17.305437 PDT | [point_2] itr #22 | Saving visualization of paths
2017-08-14 14:56:17.595658 PDT | -----------------  ------------
2017-08-14 14:56:17.595953 PDT | AverageReturn      2633
2017-08-14 14:56:17.596180 PDT | ExplainedVariance     0.993229
2017-08-14 14:56:17.596326 PDT | NumTrajs            200
