2017-08-02 19:53:12.823904 PDT | [point_3] Populating workers...
2017-08-02 19:53:12.824192 PDT | [point_3] Populated
2017-08-02 19:53:12.824374 PDT | [point_3] itr #0 | Obtaining samples...
2017-08-02 19:53:13.770985 PDT | [point_3] itr #0 | Processing samples...
2017-08-02 19:53:13.771619 PDT | [point_3] itr #0 | fitting baseline...
2017-08-02 19:53:13.776736 PDT | [point_3] itr #0 | fitted
2017-08-02 19:53:13.779836 PDT | [point_3] itr #0 | Logging diagnostics...
2017-08-02 19:53:13.780305 PDT | [point_3] itr #0 | Optimizing policy...
2017-08-02 19:53:13.780535 PDT | [point_3] itr #0 | optimizing policy
2017-08-02 19:53:13.818641 PDT | [point_3] itr #0 | Saving snapshot...
2017-08-02 19:53:13.823445 PDT | [point_3] itr #0 | Saved
2017-08-02 19:53:13.824519 PDT | -----------------  ------------
2017-08-02 19:53:13.824796 PDT | TotalExecTime         0.945659
2017-08-02 19:53:13.825118 PDT | AverageReturn       380
2017-08-02 19:53:13.825306 PDT | ExplainedVariance     0.574376
2017-08-02 19:53:13.825480 PDT | NumTrajs             20
2017-08-02 19:53:13.825652 PDT | Entropy               2.14673
2017-08-02 19:53:13.825824 PDT | Perplexity            8.55682
2017-08-02 19:53:13.825995 PDT | StdReturn           672.756
2017-08-02 19:53:13.826167 PDT | MaxReturn          1800
2017-08-02 19:53:13.826338 PDT | MinReturn             0
2017-08-02 19:53:13.826509 PDT | AveragePolicyStd      0.708267
2017-08-02 19:53:13.826680 PDT | LossBefore           -0.0113447
2017-08-02 19:53:13.826850 PDT | LossAfter            -0.230711
2017-08-02 19:53:13.827021 PDT | MeanKL                2.06869
2017-08-02 19:53:13.827192 PDT | MaxKL                 3.6847
2017-08-02 19:53:13.827362 PDT | Time                  0.999306
2017-08-02 19:53:13.827533 PDT | ItrTime               0.999312
2017-08-02 19:53:13.827704 PDT | -----------------  ------------
2017-08-02 19:53:13.828023 PDT | [point_3] itr #1 | Obtaining samples...
2017-08-02 19:53:14.746466 PDT | [point_3] itr #1 | Processing samples...
2017-08-02 19:53:14.746851 PDT | [point_3] itr #1 | fitting baseline...
2017-08-02 19:53:14.748131 PDT | [point_3] itr #1 | fitted
2017-08-02 19:53:14.751035 PDT | [point_3] itr #1 | Logging diagnostics...
2017-08-02 19:53:14.751421 PDT | [point_3] itr #1 | Optimizing policy...
2017-08-02 19:53:14.751628 PDT | [point_3] itr #1 | optimizing policy
2017-08-02 19:53:14.783805 PDT | [point_3] itr #1 | Saving snapshot...
2017-08-02 19:53:14.788270 PDT | [point_3] itr #1 | Saved
2017-08-02 19:53:14.789284 PDT | -----------------  ------------
2017-08-02 19:53:14.789495 PDT | TotalExecTime         0.916953
2017-08-02 19:53:14.789684 PDT | AverageReturn       790
2017-08-02 19:53:14.790043 PDT | ExplainedVariance     0.626038
2017-08-02 19:53:14.790400 PDT | NumTrajs             20
2017-08-02 19:53:14.790755 PDT | Entropy               2.13538
2017-08-02 19:53:14.791107 PDT | Perplexity            8.46029
2017-08-02 19:53:14.791460 PDT | StdReturn           870.575
2017-08-02 19:53:14.791814 PDT | MaxReturn          2200
2017-08-02 19:53:14.792173 PDT | MinReturn             0
2017-08-02 19:53:14.792537 PDT | AveragePolicyStd      0.704521
2017-08-02 19:53:14.792889 PDT | LossBefore           -0.0434365
2017-08-02 19:53:14.793239 PDT | LossAfter            -0.0964709
2017-08-02 19:53:14.793588 PDT | MeanKL                0.213116
2017-08-02 19:53:14.793936 PDT | MaxKL                 0.643434
2017-08-02 19:53:14.794287 PDT | Time                  1.96413
2017-08-02 19:53:14.794636 PDT | ItrTime               0.960494
2017-08-02 19:53:14.794982 PDT | -----------------  ------------
2017-08-02 19:53:14.795422 PDT | [point_3] itr #2 | Obtaining samples...
2017-08-02 19:53:15.907501 PDT | [point_3] itr #2 | Processing samples...
2017-08-02 19:53:15.908107 PDT | [point_3] itr #2 | fitting baseline...
2017-08-02 19:53:15.910101 PDT | [point_3] itr #2 | fitted
2017-08-02 19:53:15.914607 PDT | [point_3] itr #2 | Logging diagnostics...
2017-08-02 19:53:15.915224 PDT | [point_3] itr #2 | Optimizing policy...
2017-08-02 19:53:15.915559 PDT | [point_3] itr #2 | optimizing policy
2017-08-02 19:53:15.929471 PDT | [point_3] itr #2 | Saving snapshot...
2017-08-02 19:53:15.936276 PDT | [point_3] itr #2 | Saved
2017-08-02 19:53:15.938365 PDT | -----------------  -------------
2017-08-02 19:53:15.938653 PDT | TotalExecTime         1.11027
2017-08-02 19:53:15.938919 PDT | AverageReturn      1295
2017-08-02 19:53:15.939159 PDT | ExplainedVariance     0.8358
2017-08-02 19:53:15.939396 PDT | NumTrajs             20
2017-08-02 19:53:15.939633 PDT | Entropy               2.11366
2017-08-02 19:53:15.939887 PDT | Perplexity            8.27853
2017-08-02 19:53:15.940163 PDT | StdReturn           965.13
2017-08-02 19:53:15.940401 PDT | MaxReturn          2400
2017-08-02 19:53:15.940638 PDT | MinReturn             0
2017-08-02 19:53:15.940886 PDT | AveragePolicyStd      0.69688
2017-08-02 19:53:15.941219 PDT | LossBefore           -0.00633362
2017-08-02 19:53:15.941543 PDT | LossAfter            -0.0630721
2017-08-02 19:53:15.941865 PDT | MeanKL                0.339914
2017-08-02 19:53:15.942205 PDT | MaxKL                 1.08496
2017-08-02 19:53:15.942524 PDT | Time                  3.1122
2017-08-02 19:53:15.942844 PDT | ItrTime               1.14115
2017-08-02 19:53:15.943183 PDT | -----------------  -------------
2017-08-02 19:53:15.943629 PDT | [point_3] itr #3 | Obtaining samples...
2017-08-02 19:53:17.106023 PDT | [point_3] itr #3 | Processing samples...
2017-08-02 19:53:17.106448 PDT | [point_3] itr #3 | fitting baseline...
2017-08-02 19:53:17.108020 PDT | [point_3] itr #3 | fitted
2017-08-02 19:53:17.110979 PDT | [point_3] itr #3 | Logging diagnostics...
2017-08-02 19:53:17.111380 PDT | [point_3] itr #3 | Optimizing policy...
2017-08-02 19:53:17.111599 PDT | [point_3] itr #3 | optimizing policy
2017-08-02 19:53:17.127351 PDT | [point_3] itr #3 | Saving snapshot...
2017-08-02 19:53:17.132124 PDT | [point_3] itr #3 | Saved
2017-08-02 19:53:17.136338 PDT | -----------------  ------------
2017-08-02 19:53:17.136628 PDT | TotalExecTime         1.16112
2017-08-02 19:53:17.136890 PDT | AverageReturn      1965
2017-08-02 19:53:17.137145 PDT | ExplainedVariance     0.845185
2017-08-02 19:53:17.137396 PDT | NumTrajs             20
2017-08-02 19:53:17.138302 PDT | Entropy               2.1105
2017-08-02 19:53:17.138560 PDT | Perplexity            8.25235
2017-08-02 19:53:17.138812 PDT | StdReturn           877.653
2017-08-02 19:53:17.139064 PDT | MaxReturn          2800
2017-08-02 19:53:17.139316 PDT | MinReturn             0
2017-08-02 19:53:17.139564 PDT | AveragePolicyStd      0.695803
2017-08-02 19:53:17.139813 PDT | LossBefore           -0.0580953
2017-08-02 19:53:17.140071 PDT | LossAfter            -0.0731699
2017-08-02 19:53:17.140328 PDT | MeanKL                0.0241193
2017-08-02 19:53:17.140579 PDT | MaxKL                 0.173663
2017-08-02 19:53:17.140829 PDT | Time                  4.31113
2017-08-02 19:53:17.141079 PDT | ItrTime               1.19189
2017-08-02 19:53:17.141330 PDT | -----------------  ------------
2017-08-02 19:53:17.141681 PDT | [point_3] itr #4 | Obtaining samples...
2017-08-02 19:53:18.157944 PDT | [point_3] itr #4 | Processing samples...
2017-08-02 19:53:18.158365 PDT | [point_3] itr #4 | fitting baseline...
2017-08-02 19:53:18.159772 PDT | [point_3] itr #4 | fitted
2017-08-02 19:53:18.162885 PDT | [point_3] itr #4 | Logging diagnostics...
2017-08-02 19:53:18.163309 PDT | [point_3] itr #4 | Optimizing policy...
2017-08-02 19:53:18.163538 PDT | [point_3] itr #4 | optimizing policy
2017-08-02 19:53:18.177864 PDT | [point_3] itr #4 | Saving snapshot...
2017-08-02 19:53:18.183201 PDT | [point_3] itr #4 | Saved
2017-08-02 19:53:18.184409 PDT | -----------------  ------------
2017-08-02 19:53:18.186773 PDT | TotalExecTime         1.01516
2017-08-02 19:53:18.187185 PDT | AverageReturn      2035
2017-08-02 19:53:18.187572 PDT | ExplainedVariance     0.89966
2017-08-02 19:53:18.187948 PDT | NumTrajs             20
2017-08-02 19:53:18.188529 PDT | Entropy               2.08145
2017-08-02 19:53:18.188996 PDT | Perplexity            8.01609
2017-08-02 19:53:18.189453 PDT | StdReturn           757.149
2017-08-02 19:53:18.189913 PDT | MaxReturn          2600
2017-08-02 19:53:18.190375 PDT | MinReturn             0
2017-08-02 19:53:18.190828 PDT | AveragePolicyStd      0.685697
2017-08-02 19:53:18.191279 PDT | LossBefore            0.0114144
2017-08-02 19:53:18.191731 PDT | LossAfter            -0.0681839
2017-08-02 19:53:18.192190 PDT | MeanKL                0.290034
2017-08-02 19:53:18.192650 PDT | MaxKL                 1.54849
2017-08-02 19:53:18.193101 PDT | Time                  5.35915
2017-08-02 19:53:18.193551 PDT | ItrTime               1.04185
2017-08-02 19:53:18.194001 PDT | -----------------  ------------
2017-08-02 19:53:18.194545 PDT | [point_3] itr #5 | Obtaining samples...
2017-08-02 19:53:19.297301 PDT | [point_3] itr #5 | Processing samples...
2017-08-02 19:53:19.297961 PDT | [point_3] itr #5 | fitting baseline...
2017-08-02 19:53:19.300219 PDT | [point_3] itr #5 | fitted
2017-08-02 19:53:19.305205 PDT | [point_3] itr #5 | Logging diagnostics...
2017-08-02 19:53:19.305872 PDT | [point_3] itr #5 | Optimizing policy...
2017-08-02 19:53:19.306235 PDT | [point_3] itr #5 | optimizing policy
2017-08-02 19:53:19.323775 PDT | [point_3] itr #5 | Saving snapshot...
2017-08-02 19:53:19.330439 PDT | [point_3] itr #5 | Saved
2017-08-02 19:53:19.332084 PDT | -----------------  -----------
2017-08-02 19:53:19.332510 PDT | TotalExecTime         1.10047
2017-08-02 19:53:19.332875 PDT | AverageReturn      1815
2017-08-02 19:53:19.333226 PDT | ExplainedVariance     0.89428
2017-08-02 19:53:19.333576 PDT | NumTrajs             20
2017-08-02 19:53:19.333926 PDT | Entropy               2.08716
2017-08-02 19:53:19.334274 PDT | Perplexity            8.06197
2017-08-02 19:53:19.334621 PDT | StdReturn           861.554
2017-08-02 19:53:19.334969 PDT | MaxReturn          2600
2017-08-02 19:53:19.335316 PDT | MinReturn             0
2017-08-02 19:53:19.335663 PDT | AveragePolicyStd      0.687394
2017-08-02 19:53:19.336024 PDT | LossBefore           -0.024927
2017-08-02 19:53:19.336381 PDT | LossAfter            -0.44878
2017-08-02 19:53:19.336731 PDT | MeanKL                2.92406
2017-08-02 19:53:19.337078 PDT | MaxKL                 9.70267
2017-08-02 19:53:19.337426 PDT | Time                  6.5065
2017-08-02 19:53:19.337772 PDT | ItrTime               1.13633
2017-08-02 19:53:19.338120 PDT | -----------------  -----------
2017-08-02 19:53:19.338599 PDT | [point_3] itr #6 | Obtaining samples...
2017-08-02 19:53:20.507897 PDT | [point_3] itr #6 | Processing samples...
2017-08-02 19:53:20.508592 PDT | [point_3] itr #6 | fitting baseline...
2017-08-02 19:53:20.518585 PDT | [point_3] itr #6 | fitted
2017-08-02 19:53:20.522623 PDT | [point_3] itr #6 | Logging diagnostics...
2017-08-02 19:53:20.523173 PDT | [point_3] itr #6 | Optimizing policy...
2017-08-02 19:53:20.523466 PDT | [point_3] itr #6 | optimizing policy
2017-08-02 19:53:20.541290 PDT | [point_3] itr #6 | Saving snapshot...
2017-08-02 19:53:20.550671 PDT | [point_3] itr #6 | Saved
2017-08-02 19:53:20.553191 PDT | -----------------  ------------
2017-08-02 19:53:20.553740 PDT | TotalExecTime         1.16701
2017-08-02 19:53:20.554234 PDT | AverageReturn      2645
2017-08-02 19:53:20.554717 PDT | ExplainedVariance     0.992799
2017-08-02 19:53:20.555197 PDT | NumTrajs             20
2017-08-02 19:53:20.555674 PDT | Entropy               2.07469
2017-08-02 19:53:20.556431 PDT | Perplexity            7.96211
2017-08-02 19:53:20.556944 PDT | StdReturn           124.399
2017-08-02 19:53:20.557426 PDT | MaxReturn          2900
2017-08-02 19:53:20.557899 PDT | MinReturn          2400
2017-08-02 19:53:20.558372 PDT | AveragePolicyStd      0.683045
2017-08-02 19:53:20.558843 PDT | LossBefore           -0.0262563
2017-08-02 19:53:20.559315 PDT | LossAfter            -0.0438921
2017-08-02 19:53:20.559785 PDT | MeanKL                0.0506781
2017-08-02 19:53:20.560284 PDT | MaxKL                 0.2352
2017-08-02 19:53:20.560758 PDT | Time                  7.72688
2017-08-02 19:53:20.561229 PDT | ItrTime               1.21267
2017-08-02 19:53:20.561700 PDT | -----------------  ------------
