2017-08-04 23:43:08.319851 PDT | [point_34] Populating workers...
2017-08-04 23:43:08.320177 PDT | [point_34] Populated
2017-08-04 23:43:08.320379 PDT | [point_34] itr #0 | Obtaining samples...
2017-08-04 23:43:19.904582 PDT | [point_34] itr #0 | Processing samples...
2017-08-04 23:43:19.905173 PDT | [point_34] itr #0 | fitting baseline...
2017-08-04 23:43:19.915535 PDT | [point_34] itr #0 | fitted
2017-08-04 23:43:19.920200 PDT | [point_34] itr #0 | Logging diagnostics...
2017-08-04 23:43:19.920717 PDT | [point_34] itr #0 | Optimizing policy...
2017-08-04 23:43:19.920858 PDT | [point_34] itr #0 | optimizing policy
2017-08-04 23:43:20.007686 PDT | [point_34] itr #0 | Saving snapshot...
2017-08-04 23:43:20.013376 PDT | [point_34] itr #0 | Saved
2017-08-04 23:43:20.014903 PDT | -----------------  -------------
2017-08-04 23:43:20.015057 PDT | TotalExecTime        11.583
2017-08-04 23:43:20.015461 PDT | AverageReturn      2895
2017-08-04 23:43:20.015732 PDT | ExplainedVariance     0.451788
2017-08-04 23:43:20.016330 PDT | NumTrajs             20
2017-08-04 23:43:20.016840 PDT | Entropy               2.73374
2017-08-04 23:43:20.017069 PDT | Perplexity           15.3903
2017-08-04 23:43:20.017289 PDT | StdReturn          1621.87
2017-08-04 23:43:20.017663 PDT | MaxReturn          7200
2017-08-04 23:43:20.019164 PDT | MinReturn          1000
2017-08-04 23:43:20.019384 PDT | AveragePolicyStd      0.949513
2017-08-04 23:43:20.019577 PDT | LossBefore            0.00617323
2017-08-04 23:43:20.019787 PDT | LossAfter            -0.0119218
2017-08-04 23:43:20.019991 PDT | MeanKL                0.218372
2017-08-04 23:43:20.020916 PDT | MaxKL                 1.12669
2017-08-04 23:43:20.021119 PDT | Time                 11.6935
2017-08-04 23:43:20.021314 PDT | ItrTime              11.6936
2017-08-04 23:43:20.021501 PDT | -----------------  -------------
2017-08-04 23:43:20.021857 PDT | [point_34] itr #1 | Obtaining samples...
2017-08-04 23:43:31.294459 PDT | [point_34] itr #1 | Processing samples...
2017-08-04 23:43:31.294944 PDT | [point_34] itr #1 | fitting baseline...
2017-08-04 23:43:31.298434 PDT | [point_34] itr #1 | fitted
2017-08-04 23:43:31.302468 PDT | [point_34] itr #1 | Logging diagnostics...
2017-08-04 23:43:31.302872 PDT | [point_34] itr #1 | Optimizing policy...
2017-08-04 23:43:31.303042 PDT | [point_34] itr #1 | optimizing policy
2017-08-04 23:43:31.344533 PDT | [point_34] itr #1 | Saving snapshot...
2017-08-04 23:43:31.349252 PDT | [point_34] itr #1 | Saved
2017-08-04 23:43:31.351355 PDT | -----------------  --------------
2017-08-04 23:43:31.352594 PDT | TotalExecTime         11.2716
2017-08-04 23:43:31.353032 PDT | AverageReturn       7550
2017-08-04 23:43:31.353459 PDT | ExplainedVariance      0.564704
2017-08-04 23:43:31.353880 PDT | NumTrajs              20
2017-08-04 23:43:31.354264 PDT | Entropy                2.73991
2017-08-04 23:43:31.354434 PDT | Perplexity            15.4856
2017-08-04 23:43:31.354593 PDT | StdReturn           8260.72
2017-08-04 23:43:31.354749 PDT | MaxReturn          21400
2017-08-04 23:43:31.354904 PDT | MinReturn              0
2017-08-04 23:43:31.355060 PDT | AveragePolicyStd       0.952402
2017-08-04 23:43:31.355215 PDT | LossBefore            -0.00355582
2017-08-04 23:43:31.356543 PDT | LossAfter             -0.0107617
2017-08-04 23:43:31.356964 PDT | MeanKL                 0.0167947
2017-08-04 23:43:31.357380 PDT | MaxKL                  0.119844
2017-08-04 23:43:31.357818 PDT | Time                  23.0302
2017-08-04 23:43:31.358226 PDT | ItrTime               11.3288
2017-08-04 23:43:31.358673 PDT | -----------------  --------------
2017-08-04 23:43:31.359193 PDT | [point_34] itr #2 | Obtaining samples...
2017-08-04 23:43:43.196544 PDT | [point_34] itr #2 | Processing samples...
2017-08-04 23:43:43.197268 PDT | [point_34] itr #2 | fitting baseline...
2017-08-04 23:43:43.225193 PDT | [point_34] itr #2 | fitted
2017-08-04 23:43:43.231061 PDT | [point_34] itr #2 | Logging diagnostics...
2017-08-04 23:43:43.242592 PDT | [point_34] itr #2 | Optimizing policy...
2017-08-04 23:43:43.244081 PDT | [point_34] itr #2 | optimizing policy
2017-08-04 23:43:43.259015 PDT | [point_34] itr #2 | Saving snapshot...
2017-08-04 23:43:43.263603 PDT | [point_34] itr #2 | Saved
2017-08-04 23:43:43.265795 PDT | -----------------  -------------
2017-08-04 23:43:43.266677 PDT | TotalExecTime         11.835
2017-08-04 23:43:43.267139 PDT | AverageReturn      12730
2017-08-04 23:43:43.268941 PDT | ExplainedVariance      0.611704
2017-08-04 23:43:43.269455 PDT | NumTrajs              20
2017-08-04 23:43:43.269923 PDT | Entropy                2.73813
2017-08-04 23:43:43.270374 PDT | Perplexity            15.4581
2017-08-04 23:43:43.270913 PDT | StdReturn           7219.08
2017-08-04 23:43:43.271439 PDT | MaxReturn          20700
2017-08-04 23:43:43.271851 PDT | MinReturn            500
2017-08-04 23:43:43.272279 PDT | AveragePolicyStd       0.951595
2017-08-04 23:43:43.272798 PDT | LossBefore            -0.0170537
2017-08-04 23:43:43.273354 PDT | LossAfter             -0.0354104
2017-08-04 23:43:43.273834 PDT | MeanKL                 0.0572263
2017-08-04 23:43:43.274246 PDT | MaxKL                  0.282325
2017-08-04 23:43:43.274805 PDT | Time                  34.9436
2017-08-04 23:43:43.275394 PDT | ItrTime               11.9048
2017-08-04 23:43:43.275806 PDT | -----------------  -------------
2017-08-04 23:43:43.277527 PDT | [point_34] itr #3 | Obtaining samples...
2017-08-04 23:43:54.672473 PDT | [point_34] itr #3 | Processing samples...
2017-08-04 23:43:54.674509 PDT | [point_34] itr #3 | fitting baseline...
2017-08-04 23:43:54.691741 PDT | [point_34] itr #3 | fitted
2017-08-04 23:43:54.703019 PDT | [point_34] itr #3 | Logging diagnostics...
2017-08-04 23:43:54.706801 PDT | [point_34] itr #3 | Optimizing policy...
2017-08-04 23:43:54.707015 PDT | [point_34] itr #3 | optimizing policy
2017-08-04 23:43:54.719153 PDT | [point_34] itr #3 | Saving snapshot...
2017-08-04 23:43:54.724485 PDT | [point_34] itr #3 | Saved
2017-08-04 23:43:54.725819 PDT | -----------------  ---------------
2017-08-04 23:43:54.727233 PDT | TotalExecTime         11.3927
2017-08-04 23:43:54.727815 PDT | AverageReturn      14465
2017-08-04 23:43:54.728329 PDT | ExplainedVariance      0.84622
2017-08-04 23:43:54.728487 PDT | NumTrajs              20
2017-08-04 23:43:54.728614 PDT | Entropy                2.72961
2017-08-04 23:43:54.728785 PDT | Perplexity            15.3269
2017-08-04 23:43:54.728975 PDT | StdReturn           5657.5
2017-08-04 23:43:54.730021 PDT | MaxReturn          21700
2017-08-04 23:43:54.730518 PDT | MinReturn           2400
2017-08-04 23:43:54.730989 PDT | AveragePolicyStd       0.947592
2017-08-04 23:43:54.731115 PDT | LossBefore            -0.000837043
2017-08-04 23:43:54.731239 PDT | LossAfter             -0.0325647
2017-08-04 23:43:54.731360 PDT | MeanKL                 0.0751575
2017-08-04 23:43:54.731480 PDT | MaxKL                  0.452618
2017-08-04 23:43:54.731600 PDT | Time                  46.4047
2017-08-04 23:43:54.731728 PDT | ItrTime               11.4475
2017-08-04 23:43:54.731852 PDT | -----------------  ---------------
2017-08-04 23:43:54.732065 PDT | [point_34] itr #4 | Obtaining samples...
2017-08-04 23:44:05.824531 PDT | [point_34] itr #4 | Processing samples...
2017-08-04 23:44:05.825245 PDT | [point_34] itr #4 | fitting baseline...
2017-08-04 23:44:05.830943 PDT | [point_34] itr #4 | fitted
2017-08-04 23:44:05.835958 PDT | [point_34] itr #4 | Logging diagnostics...
2017-08-04 23:44:05.836572 PDT | [point_34] itr #4 | Optimizing policy...
2017-08-04 23:44:05.836918 PDT | [point_34] itr #4 | optimizing policy
2017-08-04 23:44:05.884184 PDT | [point_34] itr #4 | Saving snapshot...
2017-08-04 23:44:05.894035 PDT | [point_34] itr #4 | Saved
2017-08-04 23:44:05.896124 PDT | -----------------  -------------
2017-08-04 23:44:05.896495 PDT | TotalExecTime         11.0902
2017-08-04 23:44:05.897127 PDT | AverageReturn      17590
2017-08-04 23:44:05.897928 PDT | ExplainedVariance      0.87437
2017-08-04 23:44:05.898272 PDT | NumTrajs              20
2017-08-04 23:44:05.898608 PDT | Entropy                2.72919
2017-08-04 23:44:05.899487 PDT | Perplexity            15.3205
2017-08-04 23:44:05.899873 PDT | StdReturn           4969.4
2017-08-04 23:44:05.900900 PDT | MaxReturn          21700
2017-08-04 23:44:05.905326 PDT | MinReturn              0
2017-08-04 23:44:05.905865 PDT | AveragePolicyStd       0.947359
2017-08-04 23:44:05.906282 PDT | LossBefore            -0.0126689
2017-08-04 23:44:05.906734 PDT | LossAfter             -0.0450529
2017-08-04 23:44:05.908158 PDT | MeanKL                 0.128556
2017-08-04 23:44:05.908366 PDT | MaxKL                  0.767396
2017-08-04 23:44:05.909128 PDT | Time                  57.5741
2017-08-04 23:44:05.909362 PDT | ItrTime               11.1625
2017-08-04 23:44:05.909582 PDT | -----------------  -------------
2017-08-04 23:44:05.910252 PDT | [point_34] itr #5 | Obtaining samples...
2017-08-04 23:44:17.273947 PDT | [point_34] itr #5 | Processing samples...
2017-08-04 23:44:17.274367 PDT | [point_34] itr #5 | fitting baseline...
2017-08-04 23:44:17.314544 PDT | [point_34] itr #5 | fitted
2017-08-04 23:44:17.336335 PDT | [point_34] itr #5 | Logging diagnostics...
2017-08-04 23:44:17.336877 PDT | [point_34] itr #5 | Optimizing policy...
2017-08-04 23:44:17.337077 PDT | [point_34] itr #5 | optimizing policy
2017-08-04 23:44:17.358506 PDT | [point_34] itr #5 | Saving snapshot...
2017-08-04 23:44:17.371065 PDT | [point_34] itr #5 | Saved
2017-08-04 23:44:17.372759 PDT | -----------------  -------------
2017-08-04 23:44:17.373107 PDT | TotalExecTime         11.361
2017-08-04 23:44:17.373440 PDT | AverageReturn      17580
2017-08-04 23:44:17.374001 PDT | ExplainedVariance      0.830162
2017-08-04 23:44:17.374135 PDT | NumTrajs              20
2017-08-04 23:44:17.374315 PDT | Entropy                2.72285
2017-08-04 23:44:17.374703 PDT | Perplexity            15.2237
2017-08-04 23:44:17.375014 PDT | StdReturn           5191.69
2017-08-04 23:44:17.375299 PDT | MaxReturn          21900
2017-08-04 23:44:17.375628 PDT | MinReturn              0
2017-08-04 23:44:17.375948 PDT | AveragePolicyStd       0.94443
2017-08-04 23:44:17.376230 PDT | LossBefore            -0.0163105
2017-08-04 23:44:17.376544 PDT | LossAfter             -0.0442815
2017-08-04 23:44:17.376817 PDT | MeanKL                 0.0671675
2017-08-04 23:44:17.377161 PDT | MaxKL                  0.159947
2017-08-04 23:44:17.377490 PDT | Time                  69.0516
2017-08-04 23:44:17.378072 PDT | ItrTime               11.4618
2017-08-04 23:44:17.378504 PDT | -----------------  -------------
2017-08-04 23:44:17.378892 PDT | [point_34] itr #6 | Obtaining samples...
2017-08-04 23:44:28.866556 PDT | [point_34] itr #6 | Processing samples...
2017-08-04 23:44:28.866932 PDT | [point_34] itr #6 | fitting baseline...
2017-08-04 23:44:28.870926 PDT | [point_34] itr #6 | fitted
2017-08-04 23:44:28.877198 PDT | [point_34] itr #6 | Logging diagnostics...
2017-08-04 23:44:28.877705 PDT | [point_34] itr #6 | Optimizing policy...
2017-08-04 23:44:28.878228 PDT | [point_34] itr #6 | optimizing policy
2017-08-04 23:44:28.926344 PDT | [point_34] itr #6 | Saving snapshot...
2017-08-04 23:44:28.930120 PDT | [point_34] itr #6 | Saved
2017-08-04 23:44:28.950759 PDT | -----------------  --------------
2017-08-04 23:44:28.951038 PDT | TotalExecTime         11.4858
2017-08-04 23:44:28.951200 PDT | AverageReturn      18140
2017-08-04 23:44:28.951375 PDT | ExplainedVariance      0.793065
2017-08-04 23:44:28.951504 PDT | NumTrajs              20
2017-08-04 23:44:28.951621 PDT | Entropy                2.7147
2017-08-04 23:44:28.951736 PDT | Perplexity            15.1001
2017-08-04 23:44:28.951850 PDT | StdReturn           5051.18
2017-08-04 23:44:28.951961 PDT | MaxReturn          22100
2017-08-04 23:44:28.952058 PDT | MinReturn              0
2017-08-04 23:44:28.952214 PDT | AveragePolicyStd       0.94046
2017-08-04 23:44:28.952361 PDT | LossBefore            -0.00455538
2017-08-04 23:44:28.952498 PDT | LossAfter             -0.0212045
2017-08-04 23:44:28.952641 PDT | MeanKL                 0.0369375
2017-08-04 23:44:28.952755 PDT | MaxKL                  0.251281
2017-08-04 23:44:28.952869 PDT | Time                  80.6099
2017-08-04 23:44:28.953047 PDT | ItrTime               11.5514
2017-08-04 23:44:28.953222 PDT | -----------------  --------------
