2017-08-02 14:54:03.635083 PDT | [point_11] Populating workers...
2017-08-02 14:54:03.635323 PDT | [point_11] Populated
2017-08-02 14:54:03.635460 PDT | [point_11] itr #0 | Obtaining samples...
2017-08-02 14:54:23.294124 PDT | [point_11] itr #0 | Processing samples...
2017-08-02 14:54:23.294673 PDT | [point_11] itr #0 | fitting baseline...
2017-08-02 14:54:23.300301 PDT | [point_11] itr #0 | fitted
2017-08-02 14:54:23.310058 PDT | [point_11] itr #0 | Logging diagnostics...
2017-08-02 14:54:23.310810 PDT | [point_11] itr #0 | Optimizing policy...
2017-08-02 14:54:23.310944 PDT | [point_11] itr #0 | optimizing policy
2017-08-02 14:54:23.403547 PDT | [point_11] itr #0 | Saving snapshot...
2017-08-02 14:54:23.409682 PDT | [point_11] itr #0 | Saved
2017-08-02 14:54:23.410408 PDT | -----------------  ---------
2017-08-02 14:54:23.410619 PDT | TotalExecTime      19.6571
2017-08-02 14:54:23.410818 PDT | AverageReturn       0
2017-08-02 14:54:23.410952 PDT | ExplainedVariance   1
2017-08-02 14:54:23.411054 PDT | NumTrajs           20
2017-08-02 14:54:23.411163 PDT | Entropy             2.7007
2017-08-02 14:54:23.411639 PDT | Perplexity         14.8902
2017-08-02 14:54:23.411852 PDT | StdReturn           0
2017-08-02 14:54:23.412011 PDT | MaxReturn           0
2017-08-02 14:54:23.412227 PDT | MinReturn           0
2017-08-02 14:54:23.412497 PDT | AveragePolicyStd    0.935103
2017-08-02 14:54:23.412668 PDT | LossBefore         -0
2017-08-02 14:54:23.412896 PDT | LossAfter          -0
2017-08-02 14:54:23.413128 PDT | MeanKL              0
2017-08-02 14:54:23.413278 PDT | MaxKL               0
2017-08-02 14:54:23.413433 PDT | Time               19.7744
2017-08-02 14:54:23.413667 PDT | ItrTime            19.7744
2017-08-02 14:54:23.414787 PDT | -----------------  ---------
2017-08-02 14:54:23.415205 PDT | [point_11] itr #1 | Obtaining samples...
2017-08-02 14:54:42.744027 PDT | [point_11] itr #1 | Processing samples...
2017-08-02 14:54:42.744489 PDT | [point_11] itr #1 | fitting baseline...
2017-08-02 14:54:42.751150 PDT | [point_11] itr #1 | fitted
2017-08-02 14:54:42.762198 PDT | [point_11] itr #1 | Logging diagnostics...
2017-08-02 14:54:42.763020 PDT | [point_11] itr #1 | Optimizing policy...
2017-08-02 14:54:42.763310 PDT | [point_11] itr #1 | optimizing policy
2017-08-02 14:54:42.818113 PDT | [point_11] itr #1 | Saving snapshot...
2017-08-02 14:54:42.826331 PDT | [point_11] itr #1 | Saved
2017-08-02 14:54:42.829370 PDT | -----------------  ---------
2017-08-02 14:54:42.829768 PDT | TotalExecTime      19.3274
2017-08-02 14:54:42.829926 PDT | AverageReturn       0
2017-08-02 14:54:42.830156 PDT | ExplainedVariance   1
2017-08-02 14:54:42.830358 PDT | NumTrajs           20
2017-08-02 14:54:42.830560 PDT | Entropy             2.7007
2017-08-02 14:54:42.830872 PDT | Perplexity         14.8902
2017-08-02 14:54:42.831188 PDT | StdReturn           0
2017-08-02 14:54:42.831516 PDT | MaxReturn           0
2017-08-02 14:54:42.833542 PDT | MinReturn           0
2017-08-02 14:54:42.833880 PDT | AveragePolicyStd    0.935103
2017-08-02 14:54:42.834229 PDT | LossBefore         -0
2017-08-02 14:54:42.834670 PDT | LossAfter          -0
2017-08-02 14:54:42.834912 PDT | MeanKL              0
2017-08-02 14:54:42.835129 PDT | MaxKL               0
2017-08-02 14:54:42.835421 PDT | Time               39.1921
2017-08-02 14:54:42.835584 PDT | ItrTime            19.4123
2017-08-02 14:54:42.835774 PDT | -----------------  ---------
2017-08-02 14:54:42.837172 PDT | [point_11] itr #2 | Obtaining samples...
2017-08-02 14:55:01.699209 PDT | [point_11] itr #2 | Processing samples...
2017-08-02 14:55:01.699901 PDT | [point_11] itr #2 | fitting baseline...
2017-08-02 14:55:01.704833 PDT | [point_11] itr #2 | fitted
2017-08-02 14:55:01.717058 PDT | [point_11] itr #2 | Logging diagnostics...
2017-08-02 14:55:01.717738 PDT | [point_11] itr #2 | Optimizing policy...
2017-08-02 14:55:01.717938 PDT | [point_11] itr #2 | optimizing policy
2017-08-02 14:55:01.737317 PDT | [point_11] itr #2 | Saving snapshot...
2017-08-02 14:55:01.744532 PDT | [point_11] itr #2 | Saved
2017-08-02 14:55:01.746153 PDT | -----------------  ---------
2017-08-02 14:55:01.746364 PDT | TotalExecTime      18.8605
2017-08-02 14:55:01.746530 PDT | AverageReturn       0
2017-08-02 14:55:01.746702 PDT | ExplainedVariance   1
2017-08-02 14:55:01.746861 PDT | NumTrajs           20
2017-08-02 14:55:01.747018 PDT | Entropy             2.7007
2017-08-02 14:55:01.747277 PDT | Perplexity         14.8902
2017-08-02 14:55:01.747451 PDT | StdReturn           0
2017-08-02 14:55:01.747616 PDT | MaxReturn           0
2017-08-02 14:55:01.747780 PDT | MinReturn           0
2017-08-02 14:55:01.748044 PDT | AveragePolicyStd    0.935103
2017-08-02 14:55:01.748224 PDT | LossBefore         -0
2017-08-02 14:55:01.748408 PDT | LossAfter          -0
2017-08-02 14:55:01.748603 PDT | MeanKL              0
2017-08-02 14:55:01.748800 PDT | MaxKL               0
2017-08-02 14:55:01.748970 PDT | Time               58.1093
2017-08-02 14:55:01.749137 PDT | ItrTime            18.9077
2017-08-02 14:55:01.749343 PDT | -----------------  ---------
2017-08-02 14:55:01.749647 PDT | [point_11] itr #3 | Obtaining samples...
2017-08-02 14:55:21.446446 PDT | [point_11] itr #3 | Processing samples...
2017-08-02 14:55:21.446948 PDT | [point_11] itr #3 | fitting baseline...
2017-08-02 14:55:21.451765 PDT | [point_11] itr #3 | fitted
2017-08-02 14:55:21.459048 PDT | [point_11] itr #3 | Logging diagnostics...
2017-08-02 14:55:21.459733 PDT | [point_11] itr #3 | Optimizing policy...
2017-08-02 14:55:21.459935 PDT | [point_11] itr #3 | optimizing policy
2017-08-02 14:55:21.476110 PDT | [point_11] itr #3 | Saving snapshot...
2017-08-02 14:55:21.484326 PDT | [point_11] itr #3 | Saved
2017-08-02 14:55:21.486400 PDT | -----------------  ---------
2017-08-02 14:55:21.486736 PDT | TotalExecTime      19.6948
2017-08-02 14:55:21.487800 PDT | AverageReturn       0
2017-08-02 14:55:21.488316 PDT | ExplainedVariance   1
2017-08-02 14:55:21.489456 PDT | NumTrajs           20
2017-08-02 14:55:21.489868 PDT | Entropy             2.7007
2017-08-02 14:55:21.490202 PDT | Perplexity         14.8902
2017-08-02 14:55:21.491543 PDT | StdReturn           0
2017-08-02 14:55:21.491929 PDT | MaxReturn           0
2017-08-02 14:55:21.492580 PDT | MinReturn           0
2017-08-02 14:55:21.492910 PDT | AveragePolicyStd    0.935103
2017-08-02 14:55:21.493128 PDT | LossBefore         -0
2017-08-02 14:55:21.494258 PDT | LossAfter          -0
2017-08-02 14:55:21.498542 PDT | MeanKL              0
2017-08-02 14:55:21.498721 PDT | MaxKL               0
2017-08-02 14:55:21.498924 PDT | Time               77.8502
2017-08-02 14:55:21.499224 PDT | ItrTime            19.736
2017-08-02 14:55:21.499454 PDT | -----------------  ---------
2017-08-02 14:55:21.499840 PDT | [point_11] itr #4 | Obtaining samples...
2017-08-02 14:55:40.733573 PDT | [point_11] itr #4 | Processing samples...
2017-08-02 14:55:40.734169 PDT | [point_11] itr #4 | fitting baseline...
2017-08-02 14:55:40.741097 PDT | [point_11] itr #4 | fitted
2017-08-02 14:55:40.752556 PDT | [point_11] itr #4 | Logging diagnostics...
2017-08-02 14:55:40.753224 PDT | [point_11] itr #4 | Optimizing policy...
2017-08-02 14:55:40.753438 PDT | [point_11] itr #4 | optimizing policy
2017-08-02 14:55:40.770181 PDT | [point_11] itr #4 | Saving snapshot...
2017-08-02 14:55:40.776159 PDT | [point_11] itr #4 | Saved
2017-08-02 14:55:40.777769 PDT | -----------------  ---------
2017-08-02 14:55:40.778184 PDT | TotalExecTime      19.2323
2017-08-02 14:55:40.778468 PDT | AverageReturn       0
2017-08-02 14:55:40.778744 PDT | ExplainedVariance   1
2017-08-02 14:55:40.779021 PDT | NumTrajs           20
2017-08-02 14:55:40.779296 PDT | Entropy             2.7007
2017-08-02 14:55:40.779566 PDT | Perplexity         14.8902
2017-08-02 14:55:40.779865 PDT | StdReturn           0
2017-08-02 14:55:40.780279 PDT | MaxReturn           0
2017-08-02 14:55:40.780554 PDT | MinReturn           0
2017-08-02 14:55:40.780826 PDT | AveragePolicyStd    0.935103
2017-08-02 14:55:40.781098 PDT | LossBefore         -0
2017-08-02 14:55:40.781368 PDT | LossAfter          -0
2017-08-02 14:55:40.781954 PDT | MeanKL              0
2017-08-02 14:55:40.782239 PDT | MaxKL               0
2017-08-02 14:55:40.782536 PDT | Time               97.1416
2017-08-02 14:55:40.782814 PDT | ItrTime            19.2772
2017-08-02 14:55:40.783087 PDT | -----------------  ---------
2017-08-02 14:55:40.783458 PDT | [point_11] itr #5 | Obtaining samples...
2017-08-02 14:56:00.392035 PDT | [point_11] itr #5 | Processing samples...
2017-08-02 14:56:00.392710 PDT | [point_11] itr #5 | fitting baseline...
2017-08-02 14:56:00.444525 PDT | [point_11] itr #5 | fitted
2017-08-02 14:56:00.469332 PDT | [point_11] itr #5 | Logging diagnostics...
2017-08-02 14:56:00.486017 PDT | [point_11] itr #5 | Optimizing policy...
2017-08-02 14:56:00.489091 PDT | [point_11] itr #5 | optimizing policy
2017-08-02 14:56:00.506692 PDT | [point_11] itr #5 | Saving snapshot...
2017-08-02 14:56:00.517856 PDT | [point_11] itr #5 | Saved
2017-08-02 14:56:00.519475 PDT | -----------------  ----------
2017-08-02 14:56:00.521743 PDT | TotalExecTime       19.6068
2017-08-02 14:56:00.522460 PDT | AverageReturn        0
2017-08-02 14:56:00.523099 PDT | ExplainedVariance    1
2017-08-02 14:56:00.523727 PDT | NumTrajs            20
2017-08-02 14:56:00.527373 PDT | Entropy              2.7007
2017-08-02 14:56:00.529529 PDT | Perplexity          14.8902
2017-08-02 14:56:00.530365 PDT | StdReturn            0
2017-08-02 14:56:00.531056 PDT | MaxReturn            0
2017-08-02 14:56:00.531700 PDT | MinReturn            0
2017-08-02 14:56:00.532336 PDT | AveragePolicyStd     0.935103
2017-08-02 14:56:00.532975 PDT | LossBefore          -0
2017-08-02 14:56:00.533598 PDT | LossAfter           -0
2017-08-02 14:56:00.534234 PDT | MeanKL               0
2017-08-02 14:56:00.534854 PDT | MaxKL                0
2017-08-02 14:56:00.535475 PDT | Time               116.883
2017-08-02 14:56:00.536128 PDT | ItrTime             19.7353
2017-08-02 14:56:00.536758 PDT | -----------------  ----------
2017-08-02 14:56:00.537505 PDT | [point_11] itr #6 | Obtaining samples...
2017-08-02 14:56:19.602398 PDT | [point_11] itr #6 | Processing samples...
2017-08-02 14:56:19.603010 PDT | [point_11] itr #6 | fitting baseline...
2017-08-02 14:56:19.616462 PDT | [point_11] itr #6 | fitted
2017-08-02 14:56:19.623629 PDT | [point_11] itr #6 | Logging diagnostics...
2017-08-02 14:56:19.624597 PDT | [point_11] itr #6 | Optimizing policy...
2017-08-02 14:56:19.625048 PDT | [point_11] itr #6 | optimizing policy
2017-08-02 14:56:19.664838 PDT | [point_11] itr #6 | Saving snapshot...
2017-08-02 14:56:19.670973 PDT | [point_11] itr #6 | Saved
2017-08-02 14:56:19.671917 PDT | -----------------  ----------
2017-08-02 14:56:19.672065 PDT | TotalExecTime       19.0619
2017-08-02 14:56:19.672182 PDT | AverageReturn        0
2017-08-02 14:56:19.672303 PDT | ExplainedVariance    1
2017-08-02 14:56:19.672522 PDT | NumTrajs            20
2017-08-02 14:56:19.672740 PDT | Entropy              2.7007
2017-08-02 14:56:19.672953 PDT | Perplexity          14.8902
2017-08-02 14:56:19.673133 PDT | StdReturn            0
2017-08-02 14:56:19.673259 PDT | MaxReturn            0
2017-08-02 14:56:19.673414 PDT | MinReturn            0
2017-08-02 14:56:19.673559 PDT | AveragePolicyStd     0.935103
2017-08-02 14:56:19.673663 PDT | LossBefore          -0
2017-08-02 14:56:19.673782 PDT | LossAfter           -0
2017-08-02 14:56:19.673994 PDT | MeanKL               0
2017-08-02 14:56:19.674211 PDT | MaxKL                0
2017-08-02 14:56:19.674421 PDT | Time               136.036
2017-08-02 14:56:19.674581 PDT | ItrTime             19.1337
2017-08-02 14:56:19.674775 PDT | -----------------  ----------
