2017-07-31 01:26:28.283170 PDT | [negOnesNoise_point_0] Populating workers...
2017-07-31 01:26:28.283393 PDT | [negOnesNoise_point_0] Populated
2017-07-31 01:26:28.283528 PDT | [negOnesNoise_point_0] itr #0 | Obtaining samples...
2017-07-31 01:26:29.846393 PDT | [negOnesNoise_point_0] itr #0 | Processing samples...
2017-07-31 01:26:29.846981 PDT | [negOnesNoise_point_0] itr #0 | fitting baseline...
2017-07-31 01:26:29.852780 PDT | [negOnesNoise_point_0] itr #0 | fitted
2017-07-31 01:26:29.855495 PDT | [negOnesNoise_point_0] itr #0 | Logging diagnostics...
2017-07-31 01:26:29.855894 PDT | [negOnesNoise_point_0] itr #0 | Optimizing policy...
2017-07-31 01:26:29.856146 PDT | [negOnesNoise_point_0] itr #0 | optimizing policy
2017-07-31 01:26:29.896158 PDT | [negOnesNoise_point_0] itr #0 | Saving snapshot...
2017-07-31 01:26:29.903354 PDT | [negOnesNoise_point_0] itr #0 | Saved
2017-07-31 01:26:29.904687 PDT | -----------------  ---------
2017-07-31 01:26:29.904967 PDT | TotalExecTime       1.56184
2017-07-31 01:26:29.905213 PDT | AverageReturn       0
2017-07-31 01:26:29.905561 PDT | ExplainedVariance   1
2017-07-31 01:26:29.906261 PDT | NumTrajs           20
2017-07-31 01:26:29.906508 PDT | Entropy             2.1227
2017-07-31 01:26:29.906877 PDT | Perplexity          8.35369
2017-07-31 01:26:29.907121 PDT | StdReturn           0
2017-07-31 01:26:29.907364 PDT | MaxReturn           0
2017-07-31 01:26:29.907604 PDT | MinReturn           0
2017-07-31 01:26:29.907842 PDT | AveragePolicyStd    0.706075
2017-07-31 01:26:29.908102 PDT | LossBefore         -0
2017-07-31 01:26:29.908343 PDT | LossAfter          -0
2017-07-31 01:26:29.908581 PDT | MeanKL              0
2017-07-31 01:26:29.908820 PDT | MaxKL               0
2017-07-31 01:26:29.909059 PDT | Time                1.62012
2017-07-31 01:26:29.909296 PDT | ItrTime             1.62013
2017-07-31 01:26:29.909535 PDT | -----------------  ---------
2017-07-31 01:26:29.909952 PDT | [negOnesNoise_point_0] itr #1 | Obtaining samples...
2017-07-31 01:26:30.910082 PDT | [negOnesNoise_point_0] itr #1 | Processing samples...
2017-07-31 01:26:30.910703 PDT | [negOnesNoise_point_0] itr #1 | fitting baseline...
2017-07-31 01:26:30.912771 PDT | [negOnesNoise_point_0] itr #1 | fitted
2017-07-31 01:26:30.917587 PDT | [negOnesNoise_point_0] itr #1 | Logging diagnostics...
2017-07-31 01:26:30.918191 PDT | [negOnesNoise_point_0] itr #1 | Optimizing policy...
2017-07-31 01:26:30.918517 PDT | [negOnesNoise_point_0] itr #1 | optimizing policy
2017-07-31 01:26:30.958415 PDT | [negOnesNoise_point_0] itr #1 | Saving snapshot...
2017-07-31 01:26:30.965037 PDT | [negOnesNoise_point_0] itr #1 | Saved
2017-07-31 01:26:30.966388 PDT | -----------------  ---------
2017-07-31 01:26:30.966747 PDT | TotalExecTime       0.998083
2017-07-31 01:26:30.967075 PDT | AverageReturn       0
2017-07-31 01:26:30.967396 PDT | ExplainedVariance   1
2017-07-31 01:26:30.968106 PDT | NumTrajs           20
2017-07-31 01:26:30.968374 PDT | Entropy             2.1227
2017-07-31 01:26:30.968615 PDT | Perplexity          8.35369
2017-07-31 01:26:30.968853 PDT | StdReturn           0
2017-07-31 01:26:30.969088 PDT | MaxReturn           0
2017-07-31 01:26:30.969322 PDT | MinReturn           0
2017-07-31 01:26:30.969557 PDT | AveragePolicyStd    0.706075
2017-07-31 01:26:30.969791 PDT | LossBefore         -0
2017-07-31 01:26:30.970025 PDT | LossAfter          -0
2017-07-31 01:26:30.970513 PDT | MeanKL              0
2017-07-31 01:26:30.970865 PDT | MaxKL               0
2017-07-31 01:26:30.971190 PDT | Time                2.68188
2017-07-31 01:26:30.971508 PDT | ItrTime             1.05548
2017-07-31 01:26:30.971825 PDT | -----------------  ---------
2017-07-31 01:26:30.972278 PDT | [negOnesNoise_point_0] itr #2 | Obtaining samples...
2017-07-31 01:26:31.823024 PDT | [negOnesNoise_point_0] itr #2 | Processing samples...
2017-07-31 01:26:31.823416 PDT | [negOnesNoise_point_0] itr #2 | fitting baseline...
2017-07-31 01:26:31.824768 PDT | [negOnesNoise_point_0] itr #2 | fitted
2017-07-31 01:26:31.828109 PDT | [negOnesNoise_point_0] itr #2 | Logging diagnostics...
2017-07-31 01:26:31.828535 PDT | [negOnesNoise_point_0] itr #2 | Optimizing policy...
2017-07-31 01:26:31.828758 PDT | [negOnesNoise_point_0] itr #2 | optimizing policy
2017-07-31 01:26:31.840982 PDT | [negOnesNoise_point_0] itr #2 | Saving snapshot...
2017-07-31 01:26:31.846417 PDT | [negOnesNoise_point_0] itr #2 | Saved
2017-07-31 01:26:31.847499 PDT | -----------------  ---------
2017-07-31 01:26:31.847788 PDT | TotalExecTime       0.848931
2017-07-31 01:26:31.848070 PDT | AverageReturn       0
2017-07-31 01:26:31.848332 PDT | ExplainedVariance   1
2017-07-31 01:26:31.848607 PDT | NumTrajs           20
2017-07-31 01:26:31.848865 PDT | Entropy             2.1227
2017-07-31 01:26:31.849123 PDT | Perplexity          8.35369
2017-07-31 01:26:31.849380 PDT | StdReturn           0
2017-07-31 01:26:31.849650 PDT | MaxReturn           0
2017-07-31 01:26:31.849907 PDT | MinReturn           0
2017-07-31 01:26:31.850163 PDT | AveragePolicyStd    0.706075
2017-07-31 01:26:31.850419 PDT | LossBefore         -0
2017-07-31 01:26:31.850684 PDT | LossAfter          -0
2017-07-31 01:26:31.850957 PDT | MeanKL              0
2017-07-31 01:26:31.851210 PDT | MaxKL               0
2017-07-31 01:26:31.851463 PDT | Time                3.56319
2017-07-31 01:26:31.851724 PDT | ItrTime             0.87446
2017-07-31 01:26:31.851977 PDT | -----------------  ---------
2017-07-31 01:26:31.852340 PDT | [negOnesNoise_point_0] itr #3 | Obtaining samples...
2017-07-31 01:26:32.776368 PDT | [negOnesNoise_point_0] itr #3 | Processing samples...
2017-07-31 01:26:32.776748 PDT | [negOnesNoise_point_0] itr #3 | fitting baseline...
2017-07-31 01:26:32.779355 PDT | [negOnesNoise_point_0] itr #3 | fitted
2017-07-31 01:26:32.782278 PDT | [negOnesNoise_point_0] itr #3 | Logging diagnostics...
2017-07-31 01:26:32.782697 PDT | [negOnesNoise_point_0] itr #3 | Optimizing policy...
2017-07-31 01:26:32.782929 PDT | [negOnesNoise_point_0] itr #3 | optimizing policy
2017-07-31 01:26:32.797727 PDT | [negOnesNoise_point_0] itr #3 | Saving snapshot...
2017-07-31 01:26:32.802477 PDT | [negOnesNoise_point_0] itr #3 | Saved
2017-07-31 01:26:32.803548 PDT | -----------------  ---------
2017-07-31 01:26:32.803841 PDT | TotalExecTime       0.922945
2017-07-31 01:26:32.804151 PDT | AverageReturn       0
2017-07-31 01:26:32.804418 PDT | ExplainedVariance   1
2017-07-31 01:26:32.804681 PDT | NumTrajs           20
2017-07-31 01:26:32.804943 PDT | Entropy             2.1227
2017-07-31 01:26:32.805221 PDT | Perplexity          8.35369
2017-07-31 01:26:32.805482 PDT | StdReturn           0
2017-07-31 01:26:32.805743 PDT | MaxReturn           0
2017-07-31 01:26:32.806003 PDT | MinReturn           0
2017-07-31 01:26:32.806278 PDT | AveragePolicyStd    0.706075
2017-07-31 01:26:32.806539 PDT | LossBefore         -0
2017-07-31 01:26:32.806799 PDT | LossAfter          -0
2017-07-31 01:26:32.807060 PDT | MeanKL              0
2017-07-31 01:26:32.807334 PDT | MaxKL               0
2017-07-31 01:26:32.807594 PDT | Time                4.51926
2017-07-31 01:26:32.807855 PDT | ItrTime             0.950454
2017-07-31 01:26:32.808143 PDT | -----------------  ---------
2017-07-31 01:26:32.808499 PDT | [negOnesNoise_point_0] itr #4 | Obtaining samples...
2017-07-31 01:26:33.900341 PDT | [negOnesNoise_point_0] itr #4 | Processing samples...
2017-07-31 01:26:33.900825 PDT | [negOnesNoise_point_0] itr #4 | fitting baseline...
2017-07-31 01:26:33.902210 PDT | [negOnesNoise_point_0] itr #4 | fitted
2017-07-31 01:26:33.904496 PDT | [negOnesNoise_point_0] itr #4 | Logging diagnostics...
2017-07-31 01:26:33.904863 PDT | [negOnesNoise_point_0] itr #4 | Optimizing policy...
2017-07-31 01:26:33.905062 PDT | [negOnesNoise_point_0] itr #4 | optimizing policy
2017-07-31 01:26:33.917592 PDT | [negOnesNoise_point_0] itr #4 | Saving snapshot...
2017-07-31 01:26:33.920974 PDT | [negOnesNoise_point_0] itr #4 | Saved
2017-07-31 01:26:33.921661 PDT | -----------------  ---------
2017-07-31 01:26:33.921832 PDT | TotalExecTime       1.09084
2017-07-31 01:26:33.921990 PDT | AverageReturn       0
2017-07-31 01:26:33.922147 PDT | ExplainedVariance   1
2017-07-31 01:26:33.922293 PDT | NumTrajs           20
2017-07-31 01:26:33.922467 PDT | Entropy             2.1227
2017-07-31 01:26:33.922618 PDT | Perplexity          8.35369
2017-07-31 01:26:33.922767 PDT | StdReturn           0
2017-07-31 01:26:33.922913 PDT | MaxReturn           0
2017-07-31 01:26:33.923060 PDT | MinReturn           0
2017-07-31 01:26:33.923205 PDT | AveragePolicyStd    0.706075
2017-07-31 01:26:33.923350 PDT | LossBefore         -0
2017-07-31 01:26:33.923495 PDT | LossAfter          -0
2017-07-31 01:26:33.923645 PDT | MeanKL              0
2017-07-31 01:26:33.923800 PDT | MaxKL               0
2017-07-31 01:26:33.923946 PDT | Time                5.63763
2017-07-31 01:26:33.924117 PDT | ItrTime             1.11267
2017-07-31 01:26:33.924263 PDT | -----------------  ---------
2017-07-31 01:26:33.924584 PDT | [negOnesNoise_point_0] itr #5 | Obtaining samples...
2017-07-31 01:26:34.805260 PDT | [negOnesNoise_point_0] itr #5 | Processing samples...
2017-07-31 01:26:34.805622 PDT | [negOnesNoise_point_0] itr #5 | fitting baseline...
2017-07-31 01:26:34.806840 PDT | [negOnesNoise_point_0] itr #5 | fitted
2017-07-31 01:26:34.809604 PDT | [negOnesNoise_point_0] itr #5 | Logging diagnostics...
2017-07-31 01:26:34.809995 PDT | [negOnesNoise_point_0] itr #5 | Optimizing policy...
2017-07-31 01:26:34.810205 PDT | [negOnesNoise_point_0] itr #5 | optimizing policy
2017-07-31 01:26:34.822026 PDT | [negOnesNoise_point_0] itr #5 | Saving snapshot...
2017-07-31 01:26:34.826560 PDT | [negOnesNoise_point_0] itr #5 | Saved
2017-07-31 01:26:34.827556 PDT | -----------------  ---------
2017-07-31 01:26:34.827795 PDT | TotalExecTime       0.879791
2017-07-31 01:26:34.828010 PDT | AverageReturn       0
2017-07-31 01:26:34.828213 PDT | ExplainedVariance   1
2017-07-31 01:26:34.828423 PDT | NumTrajs           20
2017-07-31 01:26:34.828614 PDT | Entropy             2.1227
2017-07-31 01:26:34.828816 PDT | Perplexity          8.35369
2017-07-31 01:26:34.829005 PDT | StdReturn           0
2017-07-31 01:26:34.829194 PDT | MaxReturn           0
2017-07-31 01:26:34.829384 PDT | MinReturn           0
2017-07-31 01:26:34.829572 PDT | AveragePolicyStd    0.706075
2017-07-31 01:26:34.829761 PDT | LossBefore         -0
2017-07-31 01:26:34.829962 PDT | LossAfter          -0
2017-07-31 01:26:34.830151 PDT | MeanKL              0
2017-07-31 01:26:34.830340 PDT | MaxKL               0
2017-07-31 01:26:34.830528 PDT | Time                6.54329
2017-07-31 01:26:34.830715 PDT | ItrTime             0.90224
2017-07-31 01:26:34.830915 PDT | -----------------  ---------
2017-07-31 01:26:34.831188 PDT | [negOnesNoise_point_0] itr #6 | Obtaining samples...
2017-07-31 01:26:35.855491 PDT | [negOnesNoise_point_0] itr #6 | Processing samples...
2017-07-31 01:26:35.856291 PDT | [negOnesNoise_point_0] itr #6 | fitting baseline...
2017-07-31 01:26:35.860826 PDT | [negOnesNoise_point_0] itr #6 | fitted
2017-07-31 01:26:35.866811 PDT | [negOnesNoise_point_0] itr #6 | Logging diagnostics...
2017-07-31 01:26:35.867643 PDT | [negOnesNoise_point_0] itr #6 | Optimizing policy...
2017-07-31 01:26:35.868115 PDT | [negOnesNoise_point_0] itr #6 | optimizing policy
2017-07-31 01:26:35.879584 PDT | [negOnesNoise_point_0] itr #6 | Saving snapshot...
2017-07-31 01:26:35.891094 PDT | [negOnesNoise_point_0] itr #6 | Saved
2017-07-31 01:26:35.893083 PDT | -----------------  ---------
2017-07-31 01:26:35.893598 PDT | TotalExecTime       1.02328
2017-07-31 01:26:35.894070 PDT | AverageReturn       0
2017-07-31 01:26:35.894531 PDT | ExplainedVariance   1
2017-07-31 01:26:35.894989 PDT | NumTrajs           20
2017-07-31 01:26:35.895446 PDT | Entropy             2.1227
2017-07-31 01:26:35.895902 PDT | Perplexity          8.35369
2017-07-31 01:26:35.896379 PDT | StdReturn           0
2017-07-31 01:26:35.896814 PDT | MaxReturn           0
2017-07-31 01:26:35.897248 PDT | MinReturn           0
2017-07-31 01:26:35.897679 PDT | AveragePolicyStd    0.706075
2017-07-31 01:26:35.898111 PDT | LossBefore         -0
2017-07-31 01:26:35.898544 PDT | LossAfter          -0
2017-07-31 01:26:35.898985 PDT | MeanKL              0
2017-07-31 01:26:35.899420 PDT | MaxKL               0
2017-07-31 01:26:35.899851 PDT | Time                7.6081
2017-07-31 01:26:35.900309 PDT | ItrTime             1.06045
2017-07-31 01:26:35.900741 PDT | -----------------  ---------
